201 1 4
201 111 3
201 268 3
201 283 4
201 291 4
201 305 4
201 331 4
201 740 4
202 259 3
202 292 3
202 682 3
202 872 3
202 877 3
202 880 3
202 887 3
202 895 3
202 948 3
203 7 3
203 9 3
203 100 3
203 106 3
203 111 3
203 117 3
203 118 3
203 121 3
203 123 2
203 129 3
203 148 3
203 181 3
203 222 3
203 235 3
203 274 3
203 276 3
203 284 3
203 291 3
203 370 3
203 410 3
203 471 3
203 472 3
203 515 3
203 546 3
203 597 3
203 685 3
203 748 3
203 845 3
203 864 3
203 866 3
203 925 3
203 928 3
204 22 4
204 66 4
204 243 4
204 245 4
204 258 4
204 259 4
204 269 4
204 270 4
204 289 4
204 300 4
204 307 4
204 310 4
204 313 4
204 323 4
204 327 4
204 331 4
204 333 4
204 342 4
204 343 4
204 348 4
204 678 4
204 683 4
204 687 4
204 689 4
204 690 4
204 748 4
204 754 4
204 879 4
204 892 4
204 901 4
205 2 2
205 5 2
205 8 2
205 11 2
205 12 2
205 22 2
205 23 2
205 28 2
205 29 2
205 30 3
205 31 2
205 32 1
205 33 2
205 37 1
205 38 2
205 39 1
205 40 2
205 41 2
205 42 2
205 43 2
205 45 2
205 47 2
205 48 2
205 49 2
205 50 2
205 51 2
205 52 2
205 53 1
205 55 2
205 56 2
205 57 2
205 58 3
205 60 3
205 61 2
205 62 2
205 63 2
205 64 2
205 66 2
205 67 2
205 68 2
205 70 2
205 71 2
205 72 2
205 73 2
205 75 1
205 76 2
205 77 2
205 78 2
205 80 2
205 81 2
205 82 2
205 83 2
205 85 1
205 87 2
205 88 2
205 90 2
205 91 2
205 92 2
205 94 2
205 96 2
205 97 2
205 98 2
205 101 2
205 102 2
205 127 2
205 132 2
205 135 2
205 139 2
205 141 2
205 142 2
205 149 2
205 161 2
205 168 2
205 169 2
205 172 2
205 173 2
205 175 2
205 178 2
205 179 2
205 180 2
205 183 2
205 184 1
205 185 2
205 186 2
205 188 2
205 189 2
205 190 2
205 191 2
205 192 2
205 193 2
205 195 2
205 197 3
205 198 2
205 199 2
205 200 2
205 202 2
205 204 2
205 206 2
205 207 2
205 208 2
205 210 2
205 211 2
205 212 2
205 214 2
205 215 2
205 216 2
205 217 2
205 218 2
205 219 2
205 226 2
205 227 2
205 228 2
205 229 2
205 230 2
205 231 2
205 232 1
205 233 2
205 234 2
205 238 2
205 239 2
205 265 2
205 288 2
205 302 2
205 308 2
205 317 3
205 318 2
205 347 2
205 350 1
205 351 3
205 356 2
205 361 3
205 364 2
205 365 3
205 366 2
205 367 2
205 371 2
205 374 2
205 376 2
205 377 1
205 379 2
205 383 2
205 384 2
205 386 2
205 387 2
205 388 3
205 391 2
205 393 2
205 395 2
205 396 1
205 397 3
205 399 2
205 400 3
205 402 2
205 403 2
205 404 2
205 414 2
205 415 2
205 416 2
205 417 2
205 419 2
205 420 2
205 421 2
205 422 3
205 423 2
205 426 2
205 427 3
205 430 2
205 431 2
205 433 2
205 434 3
205 437 2
205 438 2
205 439 2
205 440 1
205 441 1
205 442 2
205 444 1
205 446 2
205 447 2
205 448 2
205 449 2
205 450 2
205 451 2
205 452 1
205 453 2
205 461 2
205 462 2
205 463 2
205 464 2
205 465 2
205 467 3
205 469 3
205 470 2
205 480 2
205 482 3
205 501 2
205 504 2
205 509 3
205 510 2
205 511 2
205 514 2
205 515 2
205 516 2
205 517 3
205 518 2
205 519 2
205 520 3
205 521 2
205 522 2
205 523 2
205 524 2
205 525 2
205 526 2
205 527 2
205 528 2
205 529 2
205 530 2
205 536 3
205 537 2
205 540 2
205 541 2
205 543 2
205 545 1
205 548 1
205 549 2
205 551 1
205 552 2
205 553 2
205 555 2
205 556 2
205 557 2
205 558 1
205 559 2
205 560 2
205 561 2
205 562 2
205 563 1
205 564 1
205 565 1
205 566 2
205 567 1
205 568 2
205 569 2
205 570 1
205 573 2
205 574 1
205 575 1
205 577 1
205 578 2
205 579 1
205 580 2
205 581 2
205 583 2
205 584 2
205 585 1
205 586 2
205 588 2
205 592 1
205 593 2
205 603 2
205 606 2
205 622 2
205 623 2
205 624 2
205 625 2
205 626 1
205 627 2
205 639 3
205 642 2
205 643 1
205 644 2
205 645 1
205 647 2
205 648 2
205 649 2
205 650 2
205 651 2
205 652 2
205 653 1
205 654 2
205 655 2
205 656 2
205 659 2
205 661 2
205 662 2
205 664 2
205 666 1
205 667 1
205 669 2
205 670 2
205 671 1
205 673 2
205 674 2
205 675 1
205 679 2
205 684 2
205 692 2
205 693 2
205 694 2
205 695 2
205 697 2
205 699 2
205 700 2
205 702 2
205 707 3
205 708 3
205 710 2
205 712 1
205 714 3
205 715 2
205 716 2
205 719 1
205 720 2
205 721 2
205 722 1
205 723 2
205 726 3
205 727 2
205 728 2
205 729 2
205 731 2
205 732 2
205 734 2
205 736 2
205 739 2
205 745 5
205 746 2
205 747 2
205 753 4
205 755 2
205 759 1
205 761 1
205 765 2
205 768 2
205 769 2
205 770 2
205 771 2
205 772 2
205 773 1
205 774 1
205 775 2
205 776 1
205 777 3
205 778 2
205 779 2
205 780 2
205 782 2
205 783 2
205 784 1
205 785 2
205 786 2
205 787 2
205 788 1
205 789 1
205 790 2
205 791 1
205 793 3
205 794 2
205 795 1
205 796 1
205 798 2
205 802 2
205 807 1
205 808 2
205 810 2
205 812 2
205 816 1
205 842 3
205 843 2
205 849 2
205 851 1
205 853 1
205 854 1
205 855 2
205 858 1
205 859 1
205 860 1
205 861 1
205 904 3
205 921 3
205 939 2
205 941 3
205 943 2
205 944 2
205 946 2
205 947 2
205 949 2
205 951 3
205 953 2
205 955 2
205 956 2
205 957 3
205 959 2
205 960 1
205 964 3
205 969 2
205 971 2
205 994 1
205 996 1
205 997 2
205 999 2
206 1 3
206 3 2
206 4 2
206 5 2
206 7 2
206 8 3
206 10 3
206 11 2
206 12 2
206 13 3
206 14 3
206 15 3
206 20 3
206 22 2
206 24 3
206 25 3
206 28 2
206 30 3
206 32 3
206 39 2
206 40 2
206 42 2
206 47 2
206 48 2
206 50 3
206 52 3
206 58 3
206 63 2
206 64 2
206 69 2
206 71 2
206 72 2
206 79 2
206 85 3
206 86 3
206 87 2
206 89 2
206 92 2
206 93 3
206 96 2
206 99 3
206 115 3
206 117 2
206 121 2
206 123 3
206 125 2
206 127 3
206 129 3
206 131 3
206 132 3
206 133 3
206 134 3
206 135 3
206 136 3
206 143 3
206 148 2
206 151 3
206 152 3
206 153 2
206 156 3
206 158 2
206 164 2
206 168 3
206 170 3
206 172 2
206 173 3
206 174 2
206 175 3
206 179 3
206 181 2
206 182 3
206 183 2
206 186 2
206 187 3
206 188 2
206 190 3
206 191 2
206 194 3
206 195 2
206 196 2
206 198 3
206 199 2
206 202 2
206 203 3
206 204 2
206 206 3
206 209 3
206 211 3
206 212 2
206 213 3
206 215 2
206 218 3
206 219 2
206 220 3
206 222 3
206 228 2
206 234 2
206 235 2
206 237 2
206 238 3
206 239 2
206 240 2
206 274 2
206 275 3
206 276 2
206 277 3
206 284 3
206 289 2
206 317 3
206 318 3
206 357 3
206 368 2
206 381 3
206 396 2
206 404 3
206 405 2
206 410 2
206 411 2
206 414 2
206 418 2
206 419 3
206 420 3
206 421 2
206 427 3
206 428 2
206 429 2
206 430 3
206 431 3
206 434 3
206 435 3
206 436 2
206 443 2
206 447 2
206 451 2
206 452 2
206 453 2
206 461 3
206 463 3
206 468 1
206 469 2
206 474 3
206 476 2
206 479 3
206 480 3
206 481 2
206 482 3
206 485 3
206 487 3
206 488 3
206 490 3
206 496 3
206 498 3
206 499 3
206 501 2
206 503 3
206 504 3
206 505 3
206 507 3
206 508 3
206 509 3
206 511 3
206 514 3
206 515 3
206 517 3
206 519 2
206 520 3
206 523 2
206 524 3
206 526 3
206 527 2
206 528 3
206 529 3
206 543 2
206 559 3
206 561 3
206 573 2
206 582 3
206 588 3
206 589 2
206 591 2
206 596 2
206 605 3
206 606 3
206 607 3
206 608 2
206 610 3
206 611 3
206 612 2
206 624 2
206 632 3
206 633 3
206 634 2
206 638 2
206 639 3
206 640 2
206 641 3
206 642 2
206 645 2
206 647 3
206 651 2
206 652 3
206 655 3
206 662 2
206 663 2
206 664 3
206 665 2
206 672 2
206 675 2
206 692 2
206 693 3
206 699 3
206 701 4
206 705 3
206 712 3
206 713 3
206 715 2
206 727 3
206 732 2
206 735 3
206 737 2
206 745 4
206 746 2
206 747 2
206 756 2
206 772 2
206 787 2
206 813 3
206 823 2
206 825 2
206 826 3
206 831 3
206 845 2
206 919 3
206 921 4
206 923 3
206 942 3
206 960 3
206 962 3
207 1 4
207 2 4
207 4 4
207 8 4
207 25 4
207 28 4
207 29 4
207 40 4
207 45 4
207 50 4
207 56 4
207 62 4
207 68 4
207 69 4
207 70 4
207 82 4
207 88 4
207 89 4
207 91 4
207 96 4
207 97 4
207 98 4
207 99 4
207 100 4
207 117 4
207 118 4
207 123 4
207 127 4
207 132 4
207 135 4
207 143 4
207 144 4
207 147 4
207 157 4
207 158 4
207 159 4
207 161 4
207 163 4
207 172 4
207 173 4
207 174 4
207 177 4
207 179 4
207 180 4
207 181 4
207 182 4
207 183 4
207 185 4
207 186 4
207 188 4
207 193 4
207 194 4
207 196 4
207 197 4
207 200 4
207 201 4
207 202 4
207 203 4
207 205 4
207 208 4
207 209 4
207 211 4
207 214 4
207 215 4
207 216 4
207 217 4
207 218 4
207 222 4
207 223 4
207 226 4
207 227 4
207 228 4
207 229 4
207 230 4
207 231 4
207 232 4
207 235 4
207 238 4
207 239 4
207 244 4
207 248 4
207 249 4
207 250 4
207 255 4
207 257 4
207 265 4
207 269 4
207 274 4
207 286 4
207 289 4
207 290 4
207 291 4
207 313 4
207 316 4
207 345 4
207 357 4
207 371 4
207 382 4
207 385 4
207 393 4
207 399 4
207 400 4
207 405 4
207 416 4
207 418 4
207 423 4
207 427 4
207 428 4
207 432 4
207 433 4
207 436 4
207 447 4
207 448 4
207 449 4
207 455 4
207 466 4
207 476 4
207 478 4
207 479 4
207 483 4
207 484 4
207 493 4
207 496 4
207 502 4
207 508 4
207 510 4
207 514 4
207 519 4
207 521 4
207 525 4
207 559 4
207 561 4
207 565 4
207 588 4
207 603 4
207 616 4
207 629 4
207 635 4
207 642 4
207 648 4
207 656 4
207 657 4
207 660 4
207 675 4
207 684 4
207 705 4
207 710 4
207 712 4
207 715 4
207 729 4
207 732 4
207 746 4
207 755 4
207 756 4
207 785 4
207 844 4
207 859 4
207 869 4
207 879 4
207 949 4
207 969 4
207 972 4
207 993 4
208 270 3
208 271 3
208 286 3
208 294 3
208 300 3
208 313 3
208 315 3
208 319 4
208 328 4
208 347 3
208 358 3
208 539 3
208 683 3
208 689 3
208 748 3
209 6 4
209 8 4
209 9 4
209 12 4
209 14 4
209 22 4
209 23 4
209 28 4
209 30 4
209 48 4
209 50 4
209 58 4
209 59 4
209 60 4
209 65 4
209 87 4
209 97 4
209 98 4
209 99 4
209 100 4
209 133 4
209 135 4
209 153 4
209 154 4
209 156 4
209 162 4
209 166 4
209 168 4
209 170 4
209 172 4
209 173 4
209 174 4
209 175 4
209 179 4
209 181 4
209 186 4
209 191 4
209 192 4
209 195 4
209 197 4
209 199 4
209 200 4
209 201 4
209 202 4
209 203 4
209 204 4
209 205 4
209 207 4
209 209 4
209 210 4
209 213 4
209 214 4
209 216 4
209 223 4
209 264 4
209 266 4
209 270 4
209 275 4
209 276 4
209 283 4
209 285 4
209 286 4
209 288 4
209 300 4
209 303 4
209 318 4
209 321 4
209 322 4
209 325 4
209 327 4
209 339 4
209 343 4
209 357 4
209 367 4
209 381 4
209 382 4
209 404 4
209 427 4
209 428 4
209 429 4
209 430 4
209 433 4
209 435 4
209 461 4
209 478 4
209 479 4
209 480 4
209 481 4
209 482 4
209 483 4
209 485 4
209 486 4
209 489 4
209 491 4
209 493 4
209 496 4
209 497 4
209 498 4
209 504 4
209 505 4
209 514 4
209 516 4
209 518 4
209 520 4
209 523 4
209 526 4
209 527 4
209 528 4
209 530 4
209 604 4
209 606 4
209 607 4
209 608 4
209 609 4
209 615 4
209 618 4
209 631 4
209 633 4
209 647 4
209 654 4
209 659 4
209 661 4
209 664 4
209 676 4
209 680 4
209 684 4
209 708 4
209 709 4
209 714 4
209 733 4
209 749 3
209 855 4
209 877 4
209 879 4
209 937 4
209 945 4
209 965 4
209 995 4
210 258 1
210 269 1
210 286 1
210 289 2
210 300 1
210 311 1
210 312 1
210 313 1
210 315 1
210 316 1
210 323 1
210 328 1
210 340 1
210 354 1
210 690 1
210 754 1
210 873 2
210 898 1
210 905 1
211 1 3
211 4 3
211 9 3
211 22 3
211 38 3
211 56 3
211 73 3
211 88 3
211 117 3
211 161 3
211 168 3
211 172 3
211 181 3
211 186 3
211 195 3
211 196 3
211 208 3
211 209 3
211 210 3
211 222 3
211 227 3
211 228 3
211 229 3
211 230 3
211 258 3
211 265 3
211 276 3
211 318 3
211 405 3
211 435 3
211 449 3
211 451 3
211 485 3
211 527 3
211 566 3
211 568 3
211 651 3
211 655 3
211 709 3
211 720 3
211 732 3
211 770 3
212 4 3
212 7 3
212 23 3
212 24 3
212 28 3
212 56 3
212 64 3
212 70 3
212 81 3
212 92 3
212 96 3
212 150 3
212 154 3
212 172 3
212 173 3
212 175 3
212 182 3
212 186 3
212 193 3
212 206 3
212 211 3
212 218 3
212 276 3
212 288 3
212 318 3
212 340 3
212 408 3
212 427 3
212 436 3
212 480 3
212 487 3
212 508 3
212 526 3
212 634 3
212 651 3
212 684 3
212 724 3
213 7 3
213 9 3
213 15 3
213 50 3
213 124 3
213 181 3
213 222 3
213 236 3
213 245 3
213 255 3
213 257 3
213 258 3
213 260 3
213 269 3
213 271 3
213 275 3
213 286 3
213 297 3
213 300 3
213 301 3
213 302 3
213 303 4
213 306 3
213 326 3
213 328 3
213 332 3
213 471 3
213 508 3
213 628 3
213 690 4
213 877 3
213 936 4
214 100 4
214 258 4
214 260 4
214 294 4
214 300 4
214 301 4
214 302 4
214 325 4
214 340 4
214 343 4
214 678 4
214 748 4
215 56 4
215 185 4
215 195 4
215 243 4
215 269 4
215 322 4
215 323 4
215 328 4
215 432 4
215 531 4
215 748 4
215 754 4
216 1 4
216 2 4
216 7 4
216 8 4
216 9 4
216 10 4
216 11 4
216 12 4
216 13 4
216 14 4
216 21 4
216 22 4
216 24 4
216 25 4
216 27 4
216 28 4
216 29 4
216 31 4
216 32 4
216 36 5
216 38 4
216 41 4
216 42 4
216 43 4
216 44 4
216 49 4
216 50 4
216 51 4
216 53 4
216 54 4
216 55 4
216 56 4
216 58 4
216 64 4
216 65 4
216 66 4
216 67 4
216 69 4
216 70 4
216 71 4
216 73 4
216 77 4
216 81 4
216 82 4
216 83 4
216 85 4
216 86 4
216 87 4
216 88 4
216 90 4
216 92 4
216 93 4
216 94 4
216 97 4
216 98 4
216 99 4
216 105 4
216 106 4
216 107 5
216 117 4
216 121 4
216 123 4
216 125 4
216 126 3
216 127 4
216 132 4
216 133 4
216 134 4
216 136 4
216 137 4
216 140 4
216 142 4
216 143 4
216 144 4
216 148 4
216 154 4
216 155 4
216 156 4
216 157 4
216 158 4
216 159 4
216 161 4
216 168 4
216 172 4
216 174 4
216 176 4
216 178 4
216 181 4
216 182 4
216 183 4
216 185 4
216 187 4
216 191 4
216 194 4
216 195 4
216 196 4
216 197 4
216 199 4
216 200 4
216 202 4
216 203 4
216 204 4
216 209 4
216 210 4
216 211 4
216 213 4
216 215 4
216 216 4
216 217 4
216 219 4
216 220 4
216 225 4
216 226 4
216 230 4
216 234 4
216 237 4
216 238 4
216 239 4
216 240 4
216 241 4
216 242 4
216 245 3
216 246 4
216 248 4
216 249 4
216 250 4
216 251 4
216 252 3
216 253 3
216 254 4
216 257 4
216 258 4
216 259 4
216 264 3
216 266 4
216 268 4
216 272 4
216 274 4
216 275 4
216 276 4
216 277 4
216 281 4
216 283 4
216 284 4
216 285 4
216 286 4
216 287 4
216 288 4
216 289 4
216 294 4
216 295 3
216 297 4
216 298 4
216 301 4
216 304 4
216 307 4
216 312 4
216 313 4
216 315 4
216 316 3
216 317 4
216 318 4
216 319 4
216 322 3
216 323 3
216 326 3
216 327 3
216 328 4
216 329 3
216 331 3
216 332 4
216 333 3
216 338 4
216 339 3
216 346 4
216 347 3
216 348 3
216 354 4
216 356 4
216 357 4
216 364 4
216 366 4
216 367 4
216 369 4
216 375 3
216 378 4
216 385 4
216 388 3
216 393 4
216 395 4
216 396 3
216 399 4
216 401 4
216 402 4
216 403 4
216 404 4
216 405 4
216 411 4
216 412 4
216 417 4
216 418 4
216 419 4
216 423 4
216 425 4
216 427 4
216 431 4
216 432 4
216 433 4
216 443 4
216 448 4
216 451 4
216 452 3
216 462 4
216 463 4
216 468 4
216 469 4
216 471 4
216 472 3
216 473 4
216 475 4
216 476 3
216 479 4
216 480 4
216 496 4
216 498 4
216 500 4
216 501 4
216 506 4
216 509 4
216 515 4
216 526 4
216 531 4
216 532 4
216 538 4
216 546 4
216 549 4
216 553 4
216 554 4
216 559 4
216 560 4
216 564 4
216 568 4
216 576 3
216 578 4
216 585 3
216 588 4
216 591 4
216 592 4
216 607 4
216 614 4
216 619 4
216 625 4
216 627 4
216 628 4
216 633 4
216 651 4
216 652 4
216 657 4
216 658 4
216 660 4
216 662 4
216 676 3
216 678 3
216 682 4
216 684 4
216 685 3
216 686 3
216 689 3
216 690 4
216 693 4
216 696 4
216 699 4
216 707 4
216 708 4
216 710 4
216 712 4
216 713 4
216 717 4
216 720 4
216 721 4
216 723 4
216 724 4
216 729 4
216 734 4
216 735 4
216 737 3
216 738 4
216 739 4
216 746 4
216 747 4
216 748 3
216 750 3
216 754 3
216 755 4
216 761 3
216 762 4
216 768 3
216 770 4
216 775 3
216 778 4
216 781 4
216 783 4
216 785 4
216 790 4
216 792 4
216 794 4
216 795 3
216 803 3
216 807 3
216 812 3
216 815 3
216 819 3
216 821 3
216 824 3
216 827 3
216 833 3
216 834 3
216 840 3
216 842 3
216 843 3
216 845 4
216 849 4
216 864 3
216 866 3
216 873 4
216 874 3
216 879 3
216 895 4
216 915 3
216 916 3
216 917 2
216 918 3
216 928 4
216 929 4
216 931 4
216 934 4
216 936 3
216 937 3
216 938 3
216 941 5
216 955 4
216 959 4
216 966 4
216 972 4
216 975 4
216 980 4
216 985 3
216 990 4
216 997 5
217 1 3
217 3 3
217 5 3
217 7 3
217 11 3
217 12 3
217 13 3
217 15 3
217 16 3
217 17 3
217 20 3
217 23 3
217 27 3
217 29 3
217 32 3
217 39 3
217 42 3
217 44 3
217 47 3
217 50 3
217 51 3
217 55 3
217 56 3
217 58 3
217 62 3
217 63 3
217 64 3
217 65 3
217 67 3
217 68 3
217 69 3
217 70 3
217 72 3
217 73 3
217 77 3
217 78 3
217 79 3
217 80 3
217 81 3
217 82 3
217 83 3
217 89 3
217 91 3
217 95 3
217 96 3
217 97 3
217 98 3
217 99 3
217 100 3
217 101 3
217 106 3
217 109 3
217 118 3
217 120 3
217 122 3
217 123 3
217 125 3
217 127 3
217 131 3
217 132 3
217 135 3
217 139 3
217 142 3
217 144 3
217 145 3
217 147 3
217 154 3
217 157 3
217 159 3
217 162 3
217 164 3
217 167 3
217 168 3
217 169 3
217 171 3
217 172 3
217 173 3
217 174 3
217 176 3
217 178 3
217 179 3
217 181 3
217 182 3
217 183 3
217 184 3
217 186 3
217 190 3
217 195 3
217 196 3
217 198 3
217 200 3
217 201 3
217 202 3
217 206 3
217 207 3
217 208 3
217 214 3
217 216 3
217 217 3
217 218 3
217 219 3
217 222 3
217 223 3
217 226 3
217 228 3
217 232 3
217 234 3
217 235 3
217 242 3
217 245 3
217 246 3
217 248 3
217 250 3
217 252 3
217 255 3
217 257 3
217 258 3
217 260 3
217 264 3
217 265 3
217 270 3
217 273 3
217 286 3
217 288 3
217 290 3
217 293 3
217 294 3
217 298 3
217 323 3
217 324 3
217 325 3
217 326 3
217 340 3
217 357 3
217 358 3
217 364 3
217 367 3
217 373 3
217 380 3
217 382 3
217 385 3
217 386 3
217 388 3
217 391 3
217 392 3
217 393 3
217 395 3
217 396 3
217 399 3
217 402 3
217 403 3
217 404 3
217 413 3
217 419 3
217 420 3
217 421 3
217 422 3
217 423 3
217 425 3
217 428 3
217 431 3
217 433 3
217 436 3
217 441 3
217 444 3
217 447 3
217 449 3
217 451 3
217 452 3
217 461 3
217 465 3
217 472 3
217 474 3
217 475 3
217 483 3
217 484 3
217 485 3
217 498 3
217 501 3
217 508 3
217 513 3
217 518 3
217 541 3
217 544 3
217 545 3
217 546 3
217 551 3
217 552 3
217 555 3
217 559 3
217 561 3
217 562 3
217 563 3
217 574 3
217 578 3
217 579 3
217 582 3
217 596 3
217 597 3
217 614 3
217 616 3
217 625 3
217 628 3
217 631 3
217 636 3
217 638 3
217 640 3
217 642 3
217 655 3
217 658 3
217 665 3
217 668 3
217 669 3
217 674 3
217 679 3
217 684 3
217 685 3
217 692 3
217 708 3
217 709 3
217 710 3
217 715 3
217 723 3
217 725 3
217 727 3
217 728 3
217 732 3
217 742 3
217 746 3
217 747 3
217 748 3
217 758 3
217 762 3
217 764 3
217 765 3
217 767 3
217 769 3
217 774 3
217 778 3
217 781 3
217 783 3
217 792 3
217 796 3
217 797 3
217 800 3
217 804 3
217 809 3
217 810 3
217 815 3
217 825 3
217 827 3
217 831 3
217 849 3
217 855 3
217 871 3
217 895 3
217 923 3
217 928 3
217 940 3
217 943 3
217 944 3
217 946 3
217 963 3
217 979 2
217 999 3
217 1000 3
218 258 3
218 269 3
218 288 3
218 301 2
218 302 2
218 313 2
218 327 2
218 328 2
218 331 2
218 362 2
218 750 2
218 895 2
218 899 3
219 50 4
219 79 4
219 89 4
219 100 4
219 173 4
219 181 4
219 223 4
219 257 4
219 275 4
219 286 4
219 405 4
219 478 4
219 488 4
219 615 4
219 617 4
219 705 4
220 19 4
220 86 4
220 100 3
220 116 3
220 137 4
220 251 3
220 275 4
220 283 4
220 302 3
220 319 3
220 331 3
220 408 4
220 475 3
220 478 4
220 508 3
220 513 4
220 603 4
220 750 3
220 753 4
221 4 4
221 7 4
221 11 4
221 12 4
221 50 4
221 56 4
221 82 4
221 87 4
221 89 4
221 96 4
221 100 4
221 117 4
221 124 4
221 127 4
221 129 4
221 144 4
221 156 4
221 164 4
221 172 4
221 174 4
221 175 4
221 176 4
221 182 4
221 183 4
221 185 4
221 194 4
221 200 4
221 213 4
221 218 4
221 219 4
221 238 4
221 302 4
221 333 4
221 443 4
221 448 4
221 466 4
221 516 4
221 517 4
221 653 4
221 657 4
221 672 4
221 709 4
221 879 4
221 914 4
221 915 4
222 1 3
222 15 3
222 50 3
222 53 3
222 98 3
222 100 3
222 109 3
222 117 3
222 124 3
222 126 3
222 127 3
222 129 3
222 137 3
222 151 3
222 181 3
222 184 2
222 200 3
222 201 3
222 217 3
222 219 3
222 222 3
222 235 3
222 250 3
222 257 3
222 258 3
222 260 2
222 270 2
222 273 3
222 276 3
222 286 3
222 287 4
222 288 2
222 293 3
222 294 2
222 299 2
222 307 2
222 324 2
222 326 2
222 327 2
222 334 3
222 370 2
222 379 2
222 396 3
222 410 3
222 436 3
222 447 3
222 448 3
222 452 2
222 458 4
222 475 3
222 477 3
222 515 3
222 551 2
222 558 3
222 559 3
222 561 3
222 590 3
222 665 2
222 670 3
222 671 3
222 672 2
222 682 2
222 742 3
222 760 2
222 854 2
222 867 2
222 919 3
222 922 4
222 926 3
223 9 3
223 15 3
223 127 3
223 148 3
223 237 3
223 245 3
223 258 3
223 269 3
223 272 3
223 276 3
223 282 3
223 286 3
223 299 3
223 300 3
223 304 3
223 307 3
223 310 3
223 313 3
223 315 3
223 322 3
223 323 3
223 326 3
223 327 3
223 328 3
223 329 3
223 333 3
223 340 3
223 344 3
223 347 3
223 355 3
223 471 3
223 546 3
223 591 3
223 628 3
223 678 3
223 689 3
223 696 3
223 744 3
223 748 3
223 750 3
223 754 3
223 823 3
223 879 3
223 898 3
223 924 3
223 977 3
224 1 4
224 14 4
224 15 4
224 25 4
224 50 4
224 100 4
224 115 4
224 127 4
224 151 4
224 172 4
224 243 4
224 261 3
224 275 4
224 288 4
224 289 4
224 310 4
224 323 4
224 333 4
224 427 4
224 508 4
224 538 4
224 681 4
224 683 3
224 689 4
224 882 3
225 1 3
225 2 2
225 7 3
225 17 2
225 22 3
225 24 3
225 32 3
225 38 2
225 39 3
225 53 3
225 55 3
225 62 2
225 68 3
225 79 3
225 82 2
225 83 3
225 98 3
225 100 3
225 117 2
225 118 3
225 121 3
225 124 3
225 127 3
225 144 3
225 147 3
225 156 3
225 168 3
225 171 3
225 172 3
225 174 3
225 176 3
225 177 3
225 178 3
225 180 3
225 183 3
225 185 3
225 187 3
225 188 3
225 191 3
225 195 3
225 198 3
225 200 3
225 201 3
225 204 3
225 207 3
225 209 3
225 210 3
225 218 3
225 222 2
225 227 3
225 229 3
225 230 2
225 231 2
225 232 3
225 234 3
225 241 3
225 244 2
225 250 2
225 252 2
225 257 2
225 259 2
225 271 2
225 272 2
225 273 2
225 281 2
225 286 2
225 288 2
225 298 2
225 302 2
225 305 2
225 307 2
225 310 2
225 313 2
225 316 2
225 318 3
225 322 2
225 323 2
225 324 2
225 325 2
225 327 2
225 333 2
225 338 2
225 340 2
225 343 2
225 346 2
225 355 2
225 357 3
225 358 2
225 362 1
225 363 2
225 379 2
225 385 2
225 398 2
225 424 2
225 429 3
225 445 2
225 447 3
225 448 2
225 452 2
225 474 3
225 475 3
225 491 3
225 515 2
225 520 3
225 522 3
225 529 3
225 538 2
225 540 2
225 550 2
225 562 3
225 566 2
225 568 3
225 573 3
225 576 3
225 583 3
225 590 3
225 597 2
225 636 3
225 669 2
225 670 3
225 675 3
225 678 2
225 679 3
225 686 2
225 690 2
225 748 2
225 750 2
225 751 2
225 759 2
225 823 2
225 825 2
225 831 2
225 841 3
225 853 2
225 877 2
225 879 2
225 895 2
225 912 2
225 943 3
225 976 1
226 23 3
226 50 3
226 98 3
226 99 3
226 133 3
226 134 3
226 135 3
226 168 3
226 174 3
226 178 3
226 182 3
226 185 3
226 191 3
226 196 3
226 197 3
226 199 3
226 200 3
226 204 3
226 208 3
226 211 3
226 318 3
226 418 3
226 427 3
226 428 4
226 430 4
226 432 3
226 435 4
226 474 3
226 478 3
226 480 3
226 483 3
226 486 3
226 488 3
226 490 4
226 491 3
226 492 3
226 493 3
226 494 3
226 504 3
226 505 3
226 510 3
226 511 3
226 524 3
226 525 4
226 526 3
226 601 4
226 603 4
226 605 4
226 606 3
226 607 3
226 608 4
226 610 3
226 613 3
226 614 4
226 616 4
226 631 3
226 633 4
226 646 4
226 648 3
226 651 3
226 653 4
226 654 3
226 655 3
226 657 3
226 673 4
226 705 3
226 754 3
226 835 4
226 836 3
226 848 3
227 245 4
227 258 4
227 263 4
227 286 4
227 292 4
227 300 4
227 302 4
227 303 4
227 304 4
227 319 4
227 332 4
227 341 4
227 359 4
227 680 4
227 681 4
227 682 4
227 688 4
227 874 4
228 243 3
228 259 3
228 268 3
228 271 3
228 272 3
228 286 3
228 289 3
228 294 3
228 300 3
228 301 3
228 305 3
228 307 3
228 312 3
228 313 3
228 322 3
228 323 3
228 326 3
228 329 3
228 332 3
228 334 3
228 338 3
228 344 3
228 350 3
228 538 3
228 690 3
228 750 3
228 875 3
228 877 3
228 879 3
228 886 3
228 896 3
228 908 3
228 988 3
229 1 3
229 2 3
229 3 3
229 4 3
229 7 3
229 8 3
229 12 3
229 15 3
229 21 3
229 22 3
229 23 3
229 24 3
229 26 2
229 28 3
229 31 3
229 32 3
229 45 3
229 47 3
229 48 2
229 50 3
229 52 3
229 53 2
229 55 2
229 56 3
229 58 2
229 62 2
229 63 2
229 64 3
229 66 2
229 68 2
229 69 3
229 70 3
229 72 2
229 73 3
229 77 2
229 79 3
229 81 3
229 82 2
229 83 2
229 85 3
229 86 3
229 87 3
229 88 2
229 89 3
229 90 3
229 91 2
229 92 2
229 93 3
229 95 3
229 96 3
229 97 3
229 101 3
229 109 3
229 114 3
229 117 2
229 118 2
229 123 3
229 124 2
229 127 3
229 128 3
229 132 3
229 133 3
229 134 3
229 137 3
229 140 2
229 141 3
229 143 3
229 144 2
229 150 3
229 151 3
229 153 3
229 154 3
229 157 2
229 159 2
229 161 2
229 162 3
229 163 3
229 164 2
229 165 3
229 166 3
229 168 3
229 170 3
229 172 3
229 174 3
229 178 3
229 179 3
229 181 3
229 183 3
229 184 3
229 185 3
229 186 3
229 188 3
229 190 2
229 191 3
229 193 2
229 195 3
229 197 3
229 201 3
229 202 3
229 203 3
229 207 3
229 208 3
229 209 3
229 210 2
229 211 3
229 214 3
229 216 3
229 218 3
229 219 2
229 223 3
229 225 3
229 229 2
229 232 2
229 233 2
229 237 3
229 238 3
229 248 2
229 249 2
229 250 2
229 258 2
229 264 2
229 265 3
229 273 2
229 274 2
229 275 3
229 276 3
229 277 3
229 280 2
229 281 2
229 282 2
229 283 2
229 288 3
229 290 3
229 291 2
229 298 2
229 301 2
229 318 3
229 319 2
229 321 3
229 340 2
229 356 3
229 365 3
229 366 2
229 367 3
229 371 3
229 378 3
229 385 3
229 387 3
229 392 2
229 393 3
229 403 3
229 404 3
229 405 3
229 410 2
229 411 3
229 415 3
229 418 2
229 419 2
229 423 3
229 427 3
229 428 3
229 431 3
229 432 3
229 433 3
229 435 3
229 436 3
229 441 3
229 448 2
229 455 3
229 457 2
229 464 2
229 466 3
229 467 2
229 468 3
229 470 3
229 473 3
229 475 2
229 480 3
229 481 3
229 482 3
229 483 3
229 484 3
229 485 3
229 491 3
229 493 3
229 495 3
229 496 3
229 499 3
229 500 2
229 502 3
229 504 3
229 505 3
229 508 3
229 511 3
229 514 3
229 520 3
229 527 3
229 531 3
229 535 2
229 537 2
229 546 2
229 549 3
229 550 2
229 566 3
229 568 2
229 569 3
229 570 2
229 578 2
229 581 2
229 584 3
229 591 3
229 602 3
229 603 3
229 611 3
229 625 2
229 627 3
229 628 3
229 629 2
229 631 3
229 633 3
229 635 2
229 636 2
229 640 3
229 642 3
229 652 2
229 654 3
229 655 3
229 658 2
229 662 3
229 665 2
229 671 3
229 672 3
229 673 3
229 679 2
229 684 2
229 692 2
229 693 3
229 700 2
229 702 3
229 705 3
229 708 3
229 709 3
229 710 2
229 726 4
229 729 3
229 732 2
229 735 3
229 742 2
229 744 2
229 747 2
229 755 3
229 756 3
229 761 2
229 762 3
229 763 2
229 768 2
229 780 2
229 794 2
229 804 2
229 805 3
229 806 2
229 820 2
229 826 3
229 833 2
229 845 3
229 847 2
229 921 2
229 928 2
229 941 3
229 944 2
229 961 2
229 967 3
229 972 3
230 9 3
230 10 3
230 12 3
230 19 3
230 42 3
230 50 3
230 56 3
230 98 3
230 100 3
230 101 2
230 117 3
230 129 3
230 137 3
230 152 3
230 164 3
230 165 3
230 181 3
230 221 3
230 222 3
230 234 3
230 237 3
230 248 3
230 253 3
230 258 3
230 264 3
230 273 3
230 276 3
230 286 3
230 288 3
230 293 3
230 294 3
230 300 3
230 302 3
230 318 3
230 328 3
230 436 3
230 514 3
230 515 3
230 527 3
230 528 3
230 547 3
230 628 3
230 674 3
231 286 3
231 307 3
231 322 3
231 323 3
231 327 3
231 358 3
231 538 3
231 690 3
231 748 3
231 879 3
231 988 3
232 1 3
232 7 3
232 24 3
232 50 3
232 93 4
232 100 3
232 108 4
232 109 3
232 111 3
232 117 3
232 118 3
232 121 3
232 123 3
232 151 3
232 181 3
232 222 3
232 246 4
232 248 3
232 249 3
232 250 3
232 257 3
232 258 3
232 274 3
232 276 3
232 284 3
232 294 3
232 295 3
232 300 3
232 315 3
232 322 3
232 405 3
232 410 3
232 411 3
232 471 3
232 508 3
232 546 3
232 620 3
232 628 3
232 678 3
232 742 3
232 763 3
232 815 3
232 844 3
232 845 3
233 59 4
233 60 3
233 95 3
233 173 3
233 174 4
233 194 4
233 246 3
233 268 3
233 269 3
233 273 3
233 276 3
233 293 4
233 302 3
233 303 3
233 322 3
233 323 3
233 326 2
233 333 3
233 340 3
233 435 4
233 474 4
233 507 4
233 657 4
233 682 3
233 690 3
233 748 3
233 754 3
233 919 3
234 9 3
234 111 3
234 121 3
234 125 3
234 147 3
234 148 3
234 151 3
234 225 3
234 274 3
234 275 3
234 283 3
234 287 4
234 288 3
234 347 3
234 369 3
234 406 3
234 471 3
234 476 3
234 546 3
234 628 3
234 756 3
234 763 3
234 815 3
234 819 3
234 833 2
234 844 2
234 928 3
234 975 3
235 1 3
235 3 3
235 4 3
235 5 3
235 7 3
235 9 3
235 11 3
235 12 3
235 15 3
235 21 3
235 22 3
235 23 3
235 24 3
235 25 3
235 27 3
235 28 3
235 31 3
235 38 3
235 40 3
235 42 3
235 45 3
235 49 3
235 50 3
235 52 3
235 54 3
235 62 3
235 63 3
235 64 3
235 67 3
235 68 3
235 69 3
235 71 3
235 72 3
235 73 3
235 80 3
235 82 3
235 83 3
235 85 3
235 86 3
235 89 3
235 95 3
235 96 3
235 100 3
235 105 3
235 108 3
235 109 3
235 111 3
235 115 3
235 117 3
235 118 3
235 121 3
235 122 3
235 123 3
235 125 3
235 128 3
235 132 3
235 135 3
235 136 3
235 141 3
235 148 3
235 151 3
235 152 3
235 153 3
235 154 3
235 156 3
235 157 3
235 159 3
235 160 3
235 161 3
235 162 3
235 163 3
235 164 3
235 167 3
235 168 3
235 171 3
235 172 3
235 173 3
235 174 3
235 175 3
235 176 3
235 182 3
235 183 3
235 184 3
235 185 3
235 186 3
235 187 3
235 188 3
235 190 3
235 191 3
235 195 3
235 196 3
235 199 3
235 200 3
235 204 3
235 206 3
235 211 3
235 214 3
235 215 3
235 216 3
235 217 3
235 218 3
235 219 3
235 222 3
235 225 3
235 226 3
235 227 3
235 228 3
235 229 3
235 230 3
235 234 3
235 239 3
235 240 3
235 245 3
235 246 3
235 250 3
235 252 3
235 254 3
235 255 3
235 257 3
235 258 3
235 260 3
235 264 3
235 273 3
235 284 3
235 290 3
235 291 2
235 294 3
235 299 2
235 300 3
235 307 3
235 313 3
235 317 3
235 318 3
235 321 3
235 327 2
235 331 3
235 338 3
235 343 3
235 351 2
235 354 3
235 357 3
235 358 2
235 367 3
235 369 3
235 376 3
235 380 3
235 381 3
235 382 3
235 384 3
235 385 3
235 386 3
235 392 3
235 393 3
235 394 2
235 399 3
235 402 3
235 403 3
235 404 3
235 410 3
235 411 3
235 413 3
235 423 3
235 424 3
235 431 3
235 433 3
235 434 3
235 435 3
235 436 3
235 443 3
235 447 3
235 448 3
235 451 3
235 455 3
235 462 3
235 465 3
235 470 3
235 473 3
235 474 3
235 476 3
235 520 3
235 541 3
235 542 3
235 546 3
235 550 3
235 554 3
235 561 3
235 566 3
235 567 3
235 568 3
235 569 3
235 571 3
235 572 3
235 573 3
235 576 3
235 577 3
235 578 3
235 584 3
235 587 3
235 588 3
235 597 3
235 616 3
235 625 3
235 628 3
235 631 3
235 637 3
235 640 3
235 649 3
235 652 3
235 655 3
235 659 3
235 665 3
235 672 3
235 673 3
235 675 3
235 679 3
235 684 3
235 693 3
235 696 3
235 697 4
235 710 3
235 713 3
235 715 3
235 717 3
235 720 3
235 729 3
235 732 3
235 743 2
235 746 3
235 748 3
235 751 3
235 752 2
235 756 3
235 760 2
235 762 3
235 780 3
235 781 3
235 786 3
235 790 3
235 792 3
235 797 3
235 800 3
235 820 2
235 821 2
235 825 3
235 826 2
235 831 2
235 834 3
235 841 2
235 845 3
235 862 3
235 885 2
235 890 2
235 895 3
235 924 2
235 926 4
235 928 3
235 929 2
235 943 3
235 944 3
235 961 3
235 977 2
235 983 2
236 21 4
236 23 4
236 26 4
236 38 4
236 39 4
236 43 3
236 47 4
236 65 4
236 66 4
236 72 4
236 73 3
236 83 4
236 90 3
236 92 4
236 95 3
236 96 4
236 98 4
236 102 3
236 111 4
236 125 4
236 132 4
236 133 4
236 157 4
236 159 4
236 161 4
236 168 4
236 172 4
236 174 4
236 179 4
236 186 4
236 200 3
236 204 3
236 215 3
236 216 4
236 217 4
236 218 3
236 219 3
236 226 3
236 238 4
236 265 4
236 276 4
236 287 4
236 288 4
236 313 4
236 325 4
236 327 4
236 340 4
236 347 4
236 367 4
236 381 4
236 392 3
236 400 3
236 411 3
236 433 3
236 447 3
236 454 4
236 503 4
236 504 4
236 506 4
236 537 4
236 546 4
236 553 4
236 559 4
236 568 4
236 581 4
236 585 3
236 595 4
236 628 4
236 642 4
236 649 3
236 655 4
236 658 4
236 660 4
236 708 4
236 710 4
236 715 4
236 721 4
236 723 4
236 739 3
236 742 4
236 746 3
236 748 4
236 761 3
236 762 4
236 785 3
236 787 3
236 790 4
236 794 3
236 821 4
236 845 4
236 895 3
236 974 3
237 5 2
237 11 3
237 12 3
237 14 2
237 28 3
237 30 3
237 42 2
237 47 2
237 50 3
237 56 3
237 58 2
237 65 2
237 69 2
237 70 2
237 77 2
237 79 2
237 82 2
237 83 3
237 86 2
237 87 2
237 88 2
237 89 3
237 90 2
237 91 2
237 95 3
237 97 2
237 98 3
237 99 3
237 111 2
237 116 3
237 118 2
237 124 3
237 131 3
237 132 3
237 133 2
237 134 3
237 137 2
237 143 3
237 144 2
237 145 3
237 151 2
237 154 2
237 155 2
237 161 2
237 162 2
237 166 3
237 168 2
237 170 2
237 173 3
237 174 3
237 176 3
237 179 2
237 180 3
237 181 3
237 183 2
237 185 3
237 186 2
237 190 2
237 191 3
237 195 3
237 197 3
237 204 3
237 207 3
237 208 2
237 211 3
237 212 2
237 213 3
237 214 3
237 216 3
237 217 3
237 218 2
237 219 2
237 229 2
237 234 2
237 237 2
237 238 3
237 239 2
237 244 3
237 253 3
237 254 3
237 265 2
237 275 3
237 276 3
237 281 3
237 283 3
237 286 3
237 287 2
237 288 3
237 292 1
237 301 3
237 318 3
237 378 2
237 381 2
237 393 3
237 402 2
237 404 3
237 412 3
237 415 1
237 418 3
237 419 3
237 421 2
237 423 2
237 428 2
237 432 3
237 433 3
237 435 3
237 436 2
237 447 2
237 450 2
237 451 2
237 463 2
237 466 2
237 473 2
237 478 3
237 480 3
237 482 3
237 483 3
237 484 3
237 485 3
237 496 3
237 497 2
237 499 3
237 501 3
237 507 3
237 512 3
237 514 3
237 517 3
237 518 3
237 521 2
237 523 3
237 559 2
237 566 2
237 581 2
237 582 2
237 583 2
237 584 2
237 588 3
237 603 2
237 607 3
237 614 2
237 629 3
237 640 2
237 642 2
237 651 2
237 652 2
237 654 2
237 655 2
237 657 3
237 660 2
237 663 2
237 665 2
237 672 2
237 674 2
237 683 2
237 684 2
237 692 2
237 696 2
237 697 3
237 698 3
237 699 2
237 702 2
237 705 3
237 707 2
237 708 2
237 709 2
237 710 3
237 727 2
237 730 2
237 732 2
237 736 2
237 737 2
237 739 2
237 746 2
237 747 2
237 748 2
237 753 3
237 755 2
237 770 2
237 778 3
237 781 2
237 794 2
237 812 2
237 842 3
237 843 1
237 946 3
237 955 3
237 969 2
238 15 4
238 21 4
238 100 4
238 118 4
238 121 4
238 181 4
238 220 3
238 237 4
238 245 4
238 255 4
238 269 4
238 280 4
238 286 4
238 321 4
238 471 4
238 476 3
238 815 3
238 866 3
239 7 3
239 13 3
239 14 3
239 100 3
239 121 3
239 147 3
239 237 3
239 240 3
239 242 3
239 246 3
239 257 3
239 273 3
239 276 3
239 282 3
239 285 3
239 288 3
239 301 3
239 405 3
239 475 3
239 591 3
239 895 3
240 70 3
240 171 4
240 198 4
240 242 2
240 243 1
240 271 1
240 272 3
240 283 3
240 300 2
240 310 2
240 312 3
240 313 2
240 328 2
240 329 1
240 340 3
240 350 2
240 512 4
240 515 3
240 582 4
240 690 2
240 736 4
240 749 2
240 750 2
240 751 2
240 886 2
240 904 3
240 921 4
240 937 2
241 1 3
241 7 3
241 9 3
241 15 3
241 25 3
241 121 3
241 259 3
241 288 3
241 294 3
241 683 3
242 7 2
242 11 2
242 12 2
242 14 2
242 17 2
242 22 2
242 26 2
242 27 2
242 29 2
242 31 2
242 33 2
242 38 2
242 39 2
242 41 2
242 42 2
242 44 2
242 53 2
242 54 2
242 55 2
242 56 2
242 62 2
242 64 2
242 67 2
242 68 2
242 79 2
242 82 2
242 98 2
242 100 2
242 117 2
242 129 2
242 144 2
242 150 2
242 154 2
242 156 2
242 159 2
242 161 2
242 168 2
242 174 2
242 176 2
242 177 2
242 182 2
242 184 2
242 186 2
242 195 2
242 203 2
242 204 2
242 209 2
242 210 2
242 219 2
242 226 1
242 228 2
242 229 2
242 230 2
242 231 2
242 234 2
242 240 2
242 273 2
242 276 2
242 281 2
242 286 2
242 288 2
242 294 2
242 318 2
242 342 2
242 350 2
242 367 2
242 385 2
242 401 2
242 403 2
242 410 2
242 436 2
242 449 2
242 452 2
242 482 2
242 508 2
242 546 2
242 554 2
242 559 2
242 569 2
242 572 2
242 576 2
242 578 2
242 591 2
242 628 2
242 635 2
242 636 2
242 672 2
242 684 2
242 685 2
242 695 2
242 710 2
242 746 2
242 769 2
242 780 2
242 800 2
242 810 2
242 834 2
242 873 2
242 943 2
242 975 2
243 12 4
243 271 4
243 309 4
243 313 4
243 340 4
243 343 4
243 358 4
243 644 4
243 678 4
243 687 4
244 9 3
244 50 3
244 100 3
244 245 3
244 251 3
244 258 3
244 275 3
244 748 3
244 751 3
244 906 3
244 912 3
244 916 4
245 7 1
245 9 1
245 23 1
245 28 1
245 50 1
245 55 1
245 64 1
245 79 1
245 87 1
245 100 1
245 117 1
245 118 1
245 121 1
245 123 1
245 127 1
245 144 1
245 147 1
245 150 1
245 174 1
245 181 1
245 195 1
245 203 1
245 204 1
245 208 1
245 209 1
245 221 1
245 235 1
245 237 1
245 245 1
245 246 1
245 248 1
245 273 1
245 276 1
245 291 1
245 293 1
245 295 1
245 310 1
245 313 1
245 324 1
245 325 1
245 330 1
245 333 1
245 340 1
245 346 1
245 405 1
245 408 1
245 410 1
245 460 1
245 475 1
245 479 1
245 480 1
245 504 1
245 544 1
245 591 1
245 595 1
245 597 1
245 603 1
245 628 1
245 644 1
245 689 1
245 742 1
245 744 1
245 748 1
245 762 1
245 763 1
245 818 1
245 823 1
245 829 1
245 831 1
245 840 1
245 844 1
245 845 1
245 881 1
245 886 1
245 895 1
245 908 1
245 919 1
245 959 1
245 979 1
246 268 2
246 269 2
246 270 2
246 288 2
246 292 2
246 294 2
246 301 2
246 302 2
246 303 2
246 326 2
246 327 2
246 328 2
246 332 2
246 334 2
246 359 2
246 688 2
246 690 2
246 754 2
246 883 2
246 887 2
246 888 2
247 1 4
247 5 4
247 7 4
247 9 4
247 11 4
247 17 4
247 27 4
247 28 4
247 31 4
247 55 4
247 56 4
247 65 4
247 68 4
247 69 4
247 70 4
247 89 4
247 91 4
247 96 4
247 98 4
247 100 4
247 111 4
247 117 4
247 123 4
247 135 4
247 144 4
247 147 4
247 148 4
247 150 4
247 151 4
247 153 4
247 156 4
247 157 4
247 158 4
247 174 4
247 176 4
247 180 4
247 183 4
247 204 4
247 206 4
247 209 4
247 218 4
247 222 4
247 227 4
247 231 4
247 233 4
247 234 4
247 248 4
247 252 4
247 260 4
247 281 4
247 284 4
247 286 4
247 288 4
247 290 4
247 293 4
247 298 4
247 300 4
247 367 4
247 405 4
247 410 4
247 435 4
247 447 4
247 469 4
247 470 4
247 483 4
247 484 4
247 498 4
247 544 4
247 546 4
247 559 4
247 582 4
247 591 4
247 597 4
247 629 4
247 642 4
247 678 4
247 742 4
247 748 4
247 760 4
247 815 4
247 823 4
247 845 4
247 866 4
247 926 4
247 963 4
247 981 4
248 262 2
248 268 3
248 269 2
248 271 2
248 286 2
248 292 3
248 301 2
248 303 2
248 305 3
248 307 2
248 319 3
248 321 2
248 327 3
248 333 2
248 338 3
248 340 3
248 344 2
248 750 2
248 884 3
248 896 3
248 900 3
248 902 2
249 9 3
249 15 3
249 59 4
249 60 3
249 61 3
249 100 3
249 117 2
249 118 3
249 122 1
249 127 3
249 137 3
249 170 4
249 171 3
249 179 3
249 212 3
249 224 3
249 248 2
249 251 2
249 269 3
249 273 3
249 276 3
249 285 3
249 286 3
249 288 2
249 291 3
249 293 3
249 310 3
249 337 2
249 381 4
249 410 2
249 459 2
249 473 3
249 546 2
249 558 3
249 742 2
249 748 2
249 753 4
249 763 2
249 936 4
249 983 2
250 1 4
250 2 4
250 3 4
250 4 4
250 7 4
250 10 4
250 12 4
250 13 4
250 15 4
250 26 4
250 28 4
250 29 4
250 35 4
250 38 4
250 39 4
250 49 4
250 51 4
250 54 4
250 56 4
250 58 4
250 60 4
250 64 4
250 65 4
250 66 4
250 67 4
250 70 4
250 71 4
250 73 4
250 77 4
250 79 4
250 80 4
250 81 4
250 82 4
250 83 4
250 86 4
250 87 4
250 88 4
250 89 4
250 90 4
250 92 4
250 94 4
250 95 4
250 97 4
250 98 4
250 99 4
250 100 4
250 101 4
250 110 4
250 112 4
250 114 4
250 117 4
250 121 4
250 123 4
250 125 4
250 126 4
250 127 4
250 131 4
250 132 4
250 133 4
250 134 4
250 135 4
250 136 4
250 139 4
250 141 4
250 142 4
250 143 4
250 144 4
250 145 4
250 152 4
250 153 4
250 154 4
250 155 4
250 157 4
250 158 4
250 161 4
250 162 4
250 163 4
250 164 4
250 166 4
250 167 4
250 168 4
250 169 4
250 173 4
250 174 4
250 176 4
250 177 4
250 179 4
250 180 4
250 182 4
250 183 4
250 185 4
250 187 4
250 191 4
250 192 4
250 193 4
250 194 4
250 195 4
250 196 4
250 197 4
250 199 4
250 200 4
250 202 4
250 203 4
250 204 4
250 205 4
250 207 4
250 208 4
250 210 4
250 211 4
250 215 4
250 216 4
250 218 4
250 222 4
250 223 4
250 225 4
250 226 4
250 227 4
250 229 4
250 231 4
250 233 4
250 237 4
250 238 4
250 239 4
250 241 4
250 245 4
250 252 4
250 254 4
250 258 4
250 264 4
250 265 4
250 269 4
250 270 4
250 272 4
250 274 4
250 275 4
250 277 4
250 278 4
250 280 4
250 281 4
250 282 4
250 283 4
250 288 4
250 290 4
250 292 4
250 294 4
250 299 4
250 300 4
250 301 4
250 302 4
250 304 4
250 305 4
250 310 4
250 311 4
250 312 4
250 313 4
250 315 4
250 316 4
250 328 4
250 332 4
250 340 4
250 354 4
250 357 4
250 367 4
250 371 4
250 373 4
250 378 4
250 380 4
250 381 4
250 382 4
250 383 4
250 384 4
250 385 4
250 387 4
250 393 4
250 395 4
250 396 4
250 400 4
250 401 4
250 402 4
250 414 4
250 416 4
250 417 4
250 418 4
250 419 4
250 421 4
250 422 4
250 428 4
250 431 4
250 432 4
250 433 4
250 434 4
250 435 4
250 443 4
250 448 4
250 451 4
250 455 4
250 462 4
250 465 4
250 467 4
250 469 4
250 470 4
250 471 4
250 472 4
250 474 4
250 476 4
250 477 4
250 478 4
250 479 4
250 480 4
250 481 4
250 482 4
250 483 4
250 484 4
250 487 4
250 488 4
250 490 4
250 491 4
250 493 4
250 494 4
250 495 4
250 496 4
250 497 4
250 499 4
250 500 4
250 502 4
250 503 4
250 505 4
250 506 4
250 507 4
250 509 4
250 510 4
250 511 4
250 514 4
250 518 4
250 520 4
250 523 4
250 525 4
250 526 4
250 527 4
250 528 4
250 530 4
250 535 4
250 549 4
250 550 4
250 553 4
250 557 4
250 558 4
250 559 4
250 561 4
250 566 4
250 568 4
250 570 4
250 582 4
250 583 4
250 589 4
250 591 4
250 602 4
250 604 4
250 606 4
250 607 4
250 608 4
250 609 4
250 610 4
250 611 4
250 612 4
250 613 4
250 614 4
250 618 4
250 620 4
250 622 4
250 629 4
250 630 4
250 631 4
250 632 4
250 633 4
250 637 4
250 642 4
250 647 4
250 648 4
250 650 4
250 651 4
250 655 4
250 657 4
250 659 4
250 660 4
250 661 4
250 663 4
250 673 4
250 679 4
250 685 4
250 686 4
250 689 4
250 692 4
250 693 4
250 700 4
250 704 4
250 705 4
250 707 4
250 708 4
250 709 4
250 710 4
250 712 4
250 714 4
250 715 4
250 716 4
250 717 4
250 723 4
250 727 4
250 728 4
250 729 4
250 731 4
250 735 4
250 736 4
250 742 4
250 747 4
250 748 4
250 751 4
250 761 4
250 762 4
250 765 4
250 771 4
250 774 4
250 775 4
250 778 4
250 783 4
250 785 4
250 790 4
250 792 4
250 794 4
250 801 4
250 807 4
250 815 4
250 821 4
250 823 4
250 832 4
250 837 4
250 842 4
250 845 4
250 846 4
250 847 4
250 865 4
250 869 4
250 873 4
250 878 4
250 900 4
250 902 4
250 904 4
250 905 4
250 908 4
250 921 4
250 923 4
250 926 4
250 928 4
250 934 4
250 936 4
250 939 4
250 940 4
250 942 4
250 951 4
250 956 4
250 965 4
250 966 4
250 967 3
250 969 4
251 242 1
251 243 2
251 259 2
251 260 2
251 262 2
251 268 2
251 269 2
251 270 2
251 286 2
251 288 2
251 289 2
251 292 2
251 294 2
251 299 2
251 300 2
251 301 2
251 303 2
251 305 2
251 307 2
251 308 2
251 319 2
251 322 2
251 323 2
251 325 2
251 327 2
251 328 2
251 329 2
251 330 2
251 331 2
251 332 2
251 333 2
251 336 1
251 337 3
251 359 2
251 360 2
251 457 2
251 680 1
251 681 2
251 682 1
251 687 1
251 749 3
251 872 2
251 874 2
251 875 2
251 877 2
251 879 2
251 880 2
251 881 2
251 882 2
251 883 2
251 884 2
251 937 3
251 938 3
251 984 3
251 989 1
251 991 2
251 995 2
252 7 3
252 8 3
252 14 3
252 22 3
252 25 3
252 27 3
252 45 3
252 48 3
252 52 3
252 58 3
252 60 3
252 61 3
252 62 3
252 64 3
252 66 3
252 69 3
252 70 3
252 73 3
252 86 3
252 88 3
252 89 3
252 96 3
252 97 3
252 99 3
252 111 3
252 121 3
252 124 3
252 127 3
252 132 3
252 134 3
252 135 3
252 136 3
252 143 3
252 152 3
252 154 3
252 156 3
252 161 3
252 162 3
252 163 3
252 168 3
252 170 3
252 171 3
252 173 3
252 174 3
252 180 3
252 181 3
252 183 3
252 185 3
252 186 3
252 187 3
252 188 3
252 191 3
252 194 3
252 195 3
252 197 3
252 201 3
252 202 3
252 203 3
252 204 3
252 207 3
252 212 3
252 216 3
252 234 3
252 237 3
252 243 3
252 245 3
252 259 3
252 269 3
252 276 3
252 286 3
252 294 3
252 318 3
252 371 3
252 384 3
252 404 3
252 418 3
252 419 3
252 420 3
252 423 3
252 427 3
252 430 3
252 432 3
252 435 3
252 443 3
252 455 3
252 458 3
252 461 3
252 462 3
252 465 3
252 467 3
252 472 3
252 479 3
252 482 3
252 483 3
252 485 3
252 488 3
252 491 3
252 492 3
252 494 3
252 495 3
252 496 3
252 498 3
252 502 3
252 506 3
252 510 3
252 513 3
252 517 3
252 518 3
252 521 3
252 523 3
252 526 3
252 530 3
252 531 3
252 554 3
252 576 3
252 588 3
252 597 3
252 603 3
252 609 3
252 614 3
252 615 3
252 624 3
252 631 3
252 636 3
252 641 3
252 648 3
252 654 3
252 659 3
252 660 3
252 684 3
252 729 3
252 736 3
252 780 3
252 781 3
252 792 3
252 805 3
252 815 3
252 863 3
252 874 3
252 924 3
252 947 4
252 969 3
252 971 3
253 3 3
253 4 3
253 7 3
253 9 3
253 11 3
253 12 3
253 17 3
253 22 3
253 24 3
253 33 3
253 42 3
253 48 3
253 49 3
253 50 3
253 53 3
253 59 3
253 68 3
253 69 3
253 73 3
253 79 3
253 80 3
253 93 3
253 94 3
253 97 3
253 98 3
253 100 3
253 117 3
253 122 3
253 125 3
253 132 3
253 143 3
253 154 3
253 156 3
253 157 3
253 158 3
253 164 3
253 168 3
253 172 3
253 174 3
253 181 3
253 186 3
253 188 3
253 196 3
253 204 3
253 210 3
253 231 3
253 233 3
253 238 3
253 239 3
253 246 3
253 248 3
253 254 3
253 258 3
253 268 3
253 276 3
253 288 3
253 298 3
253 318 3
253 354 3
253 356 3
253 357 3
253 364 3
253 367 3
253 369 3
253 384 3
253 385 3
253 393 3
253 401 3
253 402 3
253 410 3
253 412 3
253 416 3
253 421 3
253 423 3
253 424 3
253 427 3
253 456 3
253 471 3
253 475 3
253 476 3
253 496 3
253 508 3
253 509 3
253 515 3
253 550 3
253 552 3
253 566 3
253 568 3
253 578 3
253 586 3
253 591 3
253 628 3
253 651 3
253 655 3
253 684 3
253 693 3
253 697 3
253 717 3
253 721 3
253 742 3
253 871 3
253 959 3
253 963 3
253 975 3
254 1 2
254 11 2
254 12 2
254 15 2
254 22 2
254 28 2
254 50 2
254 51 2
254 55 2
254 56 2
254 58 2
254 66 2
254 69 2
254 70 2
254 73 2
254 76 2
254 77 2
254 79 2
254 82 2
254 87 2
254 88 2
254 89 2
254 96 2
254 97 2
254 98 2
254 99 2
254 100 2
254 107 2
254 114 2
254 117 2
254 118 2
254 121 2
254 124 2
254 131 2
254 133 2
254 134 2
254 136 2
254 143 2
254 144 2
254 153 2
254 161 2
254 162 2
254 164 2
254 169 2
254 172 2
254 173 2
254 174 2
254 181 2
254 182 2
254 185 2
254 191 2
254 195 2
254 196 2
254 197 2
254 199 2
254 202 2
254 203 2
254 204 2
254 210 2
254 211 2
254 215 2
254 222 2
254 228 2
254 234 2
254 237 2
254 245 2
254 248 2
254 250 2
254 255 2
254 257 2
254 258 2
254 259 2
254 260 2
254 270 2
254 272 2
254 277 2
254 279 2
254 286 2
254 289 2
254 293 2
254 300 2
254 310 2
254 315 2
254 316 2
254 317 2
254 318 2
254 322 2
254 323 2
254 326 2
254 356 2
254 357 2
254 378 2
254 385 2
254 392 2
254 414 2
254 418 2
254 419 2
254 423 2
254 427 2
254 431 2
254 434 2
254 435 2
254 451 2
254 465 2
254 468 3
254 474 2
254 478 2
254 479 2
254 482 2
254 483 2
254 484 2
254 485 2
254 487 2
254 490 2
254 492 2
254 493 2
254 496 2
254 497 2
254 507 2
254 509 2
254 519 2
254 520 2
254 526 2
254 528 2
254 531 2
254 566 2
254 568 2
254 603 2
254 605 2
254 607 2
254 610 2
254 612 2
254 614 2
254 627 2
254 631 2
254 633 2
254 642 2
254 649 2
254 651 2
254 654 2
254 655 2
254 657 2
254 659 2
254 660 2
254 661 2
254 678 2
254 685 2
254 686 2
254 692 2
254 693 2
254 694 2
254 705 2
254 707 2
254 724 2
254 735 2
254 736 2
254 740 2
254 742 2
254 746 2
254 836 2
254 837 2
254 842 2
254 873 2
254 875 2
254 879 2
254 939 2
254 945 2
254 956 2
254 968 2
255 1 3
255 2 3
255 4 3
255 7 3
255 8 3
255 9 3
255 12 3
255 14 3
255 17 3
255 20 3
255 24 3
255 25 3
255 31 3
255 39 3
255 40 3
255 42 3
255 44 3
255 47 3
255 53 3
255 56 3
255 57 3
255 58 3
255 64 3
255 69 3
255 70 3
255 71 3
255 87 3
255 95 3
255 96 3
255 97 3
255 98 3
255 100 3
255 118 3
255 123 3
255 125 3
255 126 3
255 127 3
255 135 3
255 148 3
255 161 3
255 170 3
255 174 3
255 176 3
255 191 3
255 196 3
255 197 3
255 204 3
255 214 3
255 217 3
255 222 3
255 223 3
255 228 3
255 234 3
255 237 3
255 241 3
255 245 3
255 252 3
255 255 3
255 257 3
255 265 3
255 270 3
255 275 3
255 276 3
255 277 3
255 279 3
255 281 3
255 282 3
255 288 3
255 289 3
255 291 3
255 292 3
255 293 3
255 300 3
255 301 3
255 304 3
255 307 3
255 313 3
255 317 3
255 318 3
255 321 3
255 323 3
255 334 3
255 343 3
255 380 3
255 382 3
255 393 3
255 402 3
255 405 3
255 423 3
255 428 3
255 447 3
255 455 3
255 462 3
255 465 3
255 471 3
255 475 3
255 504 3
255 508 3
255 511 3
255 515 3
255 518 3
255 529 3
255 531 3
255 582 3
255 584 3
255 591 3
255 597 3
255 627 3
255 628 3
255 629 3
255 647 3
255 660 3
255 678 3
255 692 3
255 694 3
255 709 3
255 724 3
255 727 3
255 738 3
255 747 3
255 755 3
255 778 3
255 898 3
255 934 3
255 939 3
256 1 3
256 3 3
256 4 3
256 9 3
256 12 3
256 13 3
256 22 3
256 23 3
256 32 3
256 42 3
256 46 3
256 50 3
256 53 3
256 54 3
256 57 3
256 60 3
256 61 3
256 68 3
256 69 3
256 71 3
256 79 3
256 80 3
256 86 3
256 91 3
256 92 3
256 95 3
256 97 3
256 100 3
256 101 3
256 111 3
256 121 3
256 125 3
256 127 3
256 133 3
256 135 3
256 143 3
256 161 3
256 168 3
256 170 3
256 172 3
256 174 3
256 175 3
256 177 3
256 179 3
256 181 3
256 182 3
256 185 3
256 186 3
256 187 3
256 188 3
256 194 3
256 196 3
256 197 3
256 200 3
256 202 3
256 210 3
256 211 3
256 218 3
256 222 3
256 226 3
256 228 3
256 231 3
256 232 3
256 234 3
256 238 3
256 268 3
256 273 3
256 274 3
256 282 3
256 286 3
256 294 3
256 325 3
256 346 3
256 357 3
256 366 3
256 369 3
256 380 3
256 403 3
256 410 3
256 414 3
256 419 3
256 421 3
256 423 3
256 427 3
256 431 3
256 432 3
256 433 3
256 443 3
256 448 3
256 449 3
256 452 3
256 460 3
256 461 3
256 462 3
256 474 3
256 475 3
256 479 3
256 484 3
256 490 3
256 498 3
256 505 3
256 506 3
256 508 3
256 523 3
256 546 3
256 559 3
256 568 3
256 578 3
256 581 3
256 582 3
256 603 3
256 608 3
256 616 3
256 640 3
256 655 3
256 658 3
256 660 3
256 662 3
256 672 3
256 673 3
256 693 3
256 696 3
256 708 3
256 710 3
256 715 3
256 720 3
256 721 3
256 737 3
256 743 3
256 763 3
256 789 3
256 806 3
256 818 3
256 845 3
256 864 3
256 919 3
256 922 2
256 933 3
256 943 3
256 955 3
256 959 3
256 963 3
256 979 3
256 985 3
257 4 4
257 7 4
257 8 4
257 9 4
257 11 4
257 12 4
257 14 4
257 15 4
257 20 4
257 27 4
257 31 4
257 38 4
257 44 4
257 45 4
257 48 4
257 50 4
257 51 4
257 52 4
257 53 4
257 54 4
257 56 4
257 57 4
257 58 4
257 59 4
257 62 4
257 64 4
257 65 4
257 66 4
257 70 4
257 77 4
257 79 4
257 82 4
257 83 4
257 86 4
257 89 4
257 91 4
257 94 4
257 96 4
257 97 4
257 100 4
257 105 4
257 114 4
257 117 4
257 118 4
257 122 4
257 127 4
257 132 4
257 134 4
257 137 4
257 143 4
257 144 4
257 148 4
257 151 4
257 155 4
257 156 4
257 157 4
257 161 4
257 162 4
257 164 4
257 168 4
257 172 4
257 173 4
257 174 4
257 176 4
257 180 4
257 181 4
257 182 4
257 183 4
257 185 4
257 186 4
257 190 4
257 191 4
257 192 4
257 193 4
257 194 4
257 195 4
257 196 4
257 197 4
257 200 4
257 203 4
257 204 4
257 209 4
257 214 4
257 215 4
257 216 4
257 218 4
257 219 4
257 226 4
257 229 4
257 230 4
257 231 4
257 232 4
257 234 4
257 235 4
257 237 4
257 239 4
257 240 4
257 241 4
257 243 4
257 248 4
257 257 4
257 258 4
257 265 4
257 282 4
257 285 4
257 288 4
257 304 4
257 318 4
257 357 4
257 366 4
257 370 4
257 372 4
257 373 4
257 378 4
257 380 4
257 385 4
257 393 4
257 395 4
257 401 4
257 402 4
257 403 4
257 405 4
257 410 4
257 411 4
257 412 4
257 417 4
257 425 4
257 428 4
257 436 4
257 443 4
257 448 4
257 450 4
257 452 4
257 453 4
257 455 4
257 456 4
257 458 4
257 462 4
257 469 4
257 470 4
257 471 4
257 472 4
257 473 4
257 474 4
257 476 4
257 483 4
257 500 4
257 507 4
257 509 4
257 527 4
257 529 4
257 531 4
257 540 4
257 546 4
257 549 4
257 553 4
257 559 4
257 566 4
257 568 4
257 582 4
257 584 4
257 588 4
257 597 4
257 623 4
257 628 4
257 629 4
257 631 4
257 632 4
257 636 4
257 640 4
257 651 4
257 655 4
257 658 4
257 664 4
257 673 4
257 679 4
257 692 4
257 699 4
257 704 4
257 708 4
257 709 4
257 717 4
257 720 4
257 722 4
257 727 4
257 729 4
257 732 4
257 739 4
257 742 4
257 744 4
257 747 4
257 755 4
257 756 4
257 758 4
257 769 4
257 770 4
257 775 4
257 783 4
257 792 4
257 819 4
257 825 4
257 841 4
257 845 4
257 871 4
257 931 4
257 934 4
257 948 4
257 949 4
257 959 4
257 980 4
258 8 4
258 9 3
258 12 3
258 13 3
258 14 3
258 20 4
258 23 4
258 25 3
258 28 3
258 32 4
258 48 3
258 50 3
258 57 4
258 58 3
258 86 4
258 96 4
258 98 3
258 117 3
258 121 3
258 124 3
258 126 3
258 127 4
258 129 3
258 134 3
258 143 3
258 144 4
258 147 3
258 152 3
258 169 3
258 174 3
258 178 3
258 179 3
258 180 4
258 181 3
258 182 4
258 183 3
258 189 3
258 190 4
258 191 3
258 192 4
258 193 3
258 195 3
258 203 3
258 208 4
258 209 4
258 234 3
258 237 3
258 238 4
258 245 3
258 250 3
258 255 3
258 273 3
258 278 3
258 282 3
258 283 3
258 284 3
258 285 3
258 286 3
258 287 3
258 288 3
258 293 4
258 298 3
258 301 3
258 304 3
258 307 3
258 317 4
258 318 4
258 319 3
258 321 3
258 330 3
258 333 3
258 346 3
258 357 3
258 387 4
258 405 3
258 408 3
258 410 3
258 423 3
258 425 4
258 427 3
258 430 4
258 467 3
258 469 3
258 473 3
258 474 3
258 496 3
258 509 4
258 514 4
258 517 4
258 521 4
258 526 3
258 529 3
258 530 4
258 546 3
258 582 3
258 588 3
258 589 3
258 591 3
258 597 3
258 603 3
258 632 3
258 644 4
258 648 3
258 651 3
258 654 4
258 663 3
258 685 3
258 694 4
258 696 3
258 704 3
258 709 3
258 717 3
258 736 4
258 742 3
258 750 3
258 753 4
258 792 4
258 844 3
258 847 3
258 896 3
258 925 3
258 939 3
258 952 3
258 956 4
258 980 3
259 1 3
259 3 3
259 7 3
259 8 3
259 15 3
259 16 3
259 19 3
259 22 3
259 25 3
259 100 3
259 108 3
259 111 3
259 117 3
259 120 3
259 121 3
259 123 3
259 134 3
259 147 3
259 148 3
259 164 3
259 172 3
259 174 3
259 181 3
259 194 3
259 216 3
259 220 3
259 222 3
259 225 3
259 230 3
259 245 3
259 249 3
259 250 3
259 255 3
259 258 3
259 264 2
259 278 3
259 282 3
259 286 3
259 289 3
259 291 3
259 295 3
259 300 3
259 301 3
259 322 3
259 323 3
259 328 3
259 332 3
259 333 3
259 336 3
259 357 3
259 358 2
259 411 3
259 472 3
259 473 3
259 523 3
259 546 3
259 568 3
259 596 3
259 597 3
259 651 3
259 676 3
259 678 3
259 685 3
259 687 2
259 742 3
259 748 3
259 815 3
259 825 3
259 827 3
259 832 3
259 846 3
259 864 3
259 866 3
259 873 3
259 879 3
259 934 3
259 969 3
259 978 3
259 989 2
260 1 3
260 7 3
260 10 3
260 14 3
260 20 3
260 117 3
260 127 3
260 129 3
260 146 3
260 221 3
260 224 3
260 242 3
260 248 3
260 250 3
260 253 3
260 257 3
260 258 3
260 273 3
260 275 3
260 276 3
260 279 3
260 286 3
260 289 3
260 294 3
260 297 3
260 301 3
260 302 3
260 303 3
260 307 3
260 311 3
260 322 3
260 327 3
260 458 3
260 515 3
260 532 4
260 591 3
260 676 3
260 713 3
260 744 3
261 121 3
261 158 3
261 242 3
261 255 3
261 269 3
261 285 3
261 302 3
261 304 3
261 319 3
261 347 3
261 682 3
262 11 3
262 22 3
262 100 3
262 136 4
262 237 3
262 259 3
262 271 3
262 288 3
262 289 3
262 292 3
262 300 3
262 313 3
262 321 3
262 332 3
262 358 3
262 678 3
262 682 3
262 866 3
262 895 3
263 3 1
263 7 2
263 10 2
263 14 2
263 15 2
263 20 2
263 24 1
263 50 2
263 93 2
263 100 2
263 103 2
263 107 1
263 112 1
263 116 2
263 117 2
263 121 2
263 124 2
263 126 2
263 127 2
263 137 2
263 147 1
263 149 2
263 150 2
263 151 2
263 221 2
263 224 2
263 225 2
263 235 2
263 242 2
263 243 1
263 244 1
263 248 1
263 249 2
263 250 2
263 253 2
263 257 2
263 258 2
263 268 2
263 270 2
263 274 2
263 282 2
263 283 2
263 284 2
263 285 2
263 288 2
263 301 2
263 304 1
263 306 2
263 311 3
263 319 2
263 347 2
263 362 2
263 455 2
263 472 1
263 473 2
263 475 2
263 477 2
263 508 2
263 544 2
263 593 1
263 596 2
263 597 1
263 689 2
263 741 2
263 744 2
263 751 2
263 819 2
263 845 2
263 864 2
263 870 2
263 880 2
263 887 2
263 926 1
263 930 2
263 950 2
263 952 2
263 988 2
263 993 1
264 16 3
264 116 4
264 176 4
264 181 4
264 194 4
264 248 3
264 258 4
264 260 3
264 269 4
264 286 4
264 289 3
264 293 3
264 298 3
264 300 3
264 301 4
264 321 4
264 322 3
264 328 3
264 333 4
264 358 3
264 482 4
264 603 4
264 678 3
264 705 4
264 709 4
264 748 3
264 879 3
265 1 3
265 7 3
265 8 3
265 12 3
265 22 3
265 28 3
265 32 3
265 56 3
265 64 3
265 87 3
265 97 3
265 100 3
265 109 3
265 114 3
265 132 3
265 134 3
265 136 3
265 143 3
265 154 3
265 169 3
265 172 3
265 174 3
265 175 3
265 179 3
265 180 3
265 181 3
265 190 3
265 191 3
265 194 3
265 198 3
265 199 3
265 202 3
265 257 3
265 258 3
265 283 3
265 286 3
265 300 3
265 318 3
265 319 3
265 395 3
265 404 3
265 423 3
265 428 3
265 474 3
265 475 3
265 478 3
265 481 3
265 496 3
265 529 3
265 584 3
265 588 3
265 603 3
265 615 3
265 638 3
265 651 3
265 656 3
265 705 3
265 855 3
266 2 3
266 11 3
266 22 3
266 24 3
266 27 3
266 50 3
266 55 3
266 56 3
266 62 3
266 79 3
266 87 3
266 89 3
266 95 3
266 96 3
266 98 3
266 117 3
266 127 3
266 128 3
266 144 3
266 174 3
266 181 3
266 182 3
266 183 3
266 184 3
266 187 3
266 188 3
266 210 3
266 231 3
266 232 3
266 258 3
266 265 3
266 268 3
266 269 3
266 273 3
266 288 3
266 292 4
266 294 3
266 302 4
266 306 4
266 308 3
266 313 3
266 315 3
266 321 3
266 324 4
266 326 3
266 327 4
266 328 3
266 331 4
266 333 3
266 334 3
266 346 3
266 349 4
266 350 4
266 354 3
266 357 3
266 385 3
266 405 3
266 455 3
266 518 3
266 546 3
266 550 3
266 566 3
266 568 3
266 651 3
266 682 3
266 748 3
266 873 3
266 882 3
266 885 3
266 898 3
266 902 4
266 908 4
266 995 3
267 7 3
267 10 4
267 24 3
267 50 3
267 93 3
267 100 3
267 108 3
267 109 3
267 150 3
267 240 3
267 246 3
267 248 3
267 249 3
267 264 3
267 268 3
267 269 3
267 273 3
267 276 3
267 298 3
267 327 3
267 340 3
267 455 3
267 475 3
267 742 3
267 762 3
267 919 3
268 1 3
268 4 3
268 7 3
268 8 3
268 13 3
268 15 3
268 19 4
268 22 3
268 23 3
268 25 3
268 31 3
268 39 3
268 42 3
268 47 3
268 51 3
268 56 3
268 58 3
268 69 3
268 70 3
268 71 3
268 95 3
268 96 3
268 97 3
268 98 3
268 100 3
268 111 3
268 116 3
268 118 3
268 121 3
268 126 3
268 132 3
268 137 3
268 144 3
268 150 3
268 153 3
268 157 3
268 159 3
268 160 3
268 170 3
268 172 3
268 173 3
268 178 3
268 180 3
268 181 3
268 182 3
268 191 3
268 192 3
268 195 3
268 200 3
268 209 3
268 214 3
268 216 3
268 222 3
268 238 3
268 246 3
268 251 3
268 257 3
268 258 3
268 273 3
268 283 3
268 285 3
268 293 3
268 294 3
268 297 4
268 318 3
268 321 3
268 357 3
268 367 3
268 377 2
268 405 3
268 411 3
268 423 3
268 427 3
268 428 3
268 435 3
268 462 3
268 469 3
268 471 3
268 475 3
268 498 3
268 507 3
268 529 3
268 544 3
268 582 3
268 603 3
268 612 4
268 642 3
268 655 3
268 662 3
268 692 3
268 699 3
268 724 3
268 742 3
268 826 3
268 856 3
268 926 3
268 952 3
269 64 4
269 65 4
269 127 4
269 134 4
269 136 4
269 153 4
269 194 4
269 199 4
269 215 4
269 286 4
269 306 4
269 483 4
269 484 4
269 490 4
269 495 4
269 507 4
269 511 4
269 520 4
269 530 4
269 582 4
269 605 4
269 610 4
269 611 4
269 641 4
269 654 4
269 656 4
269 705 4
269 855 4
269 923 4
270 1 2
270 7 2
270 9 2
270 13 2
270 19 2
270 50 2
270 93 2
270 100 2
270 118 2
270 125 2
270 150 2
270 181 2
270 221 2
270 235 2
270 248 2
270 257 2
270 258 2
270 276 2
270 283 2
270 284 2
270 285 3
270 286 2
270 293 2
270 294 2
270 295 3
270 360 2
270 458 2
270 471 2
270 475 2
270 508 2
270 544 2
270 546 2
270 813 2
270 824 2
270 919 3
270 950 2
270 952 2
271 1 3
271 8 2
271 50 2
271 94 3
271 95 3
271 99 3
271 140 3
271 225 2
271 404 3
271 418 3
271 477 2
271 501 3
271 596 2
271 768 3
271 878 3
271 932 3
271 969 2
272 1 4
272 2 4
272 3 4
272 4 4
272 7 4
272 11 4
272 12 4
272 21 4
272 24 4
272 27 4
272 28 4
272 29 4
272 33 4
272 38 4
272 41 4
272 43 4
272 49 4
272 51 4
272 56 4
272 63 4
272 64 4
272 66 4
272 68 4
272 69 4
272 71 4
272 72 4
272 73 4
272 78 3
272 79 4
272 80 4
272 82 4
272 88 4
272 90 4
272 94 4
272 97 4
272 99 4
272 101 4
272 109 4
272 117 4
272 118 4
272 120 4
272 121 4
272 122 4
272 123 4
272 132 4
272 135 4
272 141 4
272 151 4
272 161 4
272 168 4
272 172 4
272 173 4
272 174 4
272 175 4
272 177 4
272 181 4
272 183 4
272 185 4
272 186 4
272 193 4
272 195 4
272 196 4
272 204 4
272 210 4
272 215 4
272 217 4
272 218 4
272 226 4
272 228 4
272 229 4
272 232 4
272 233 4
272 234 4
272 239 4
272 240 4
272 250 4
272 254 4
272 255 4
272 258 4
272 260 4
272 271 4
272 288 4
272 313 4
272 318 4
272 323 4
272 343 4
272 355 3
272 358 4
272 362 4
272 365 4
272 368 4
272 370 4
272 373 4
272 374 4
272 375 3
272 378 4
272 380 4
272 384 3
272 386 4
272 391 4
272 392 4
272 393 4
272 395 4
272 400 3
272 401 4
272 404 3
272 411 4
272 416 3
272 417 4
272 418 4
272 431 4
272 443 4
272 449 4
272 465 4
272 473 4
272 475 4
272 477 4
272 485 4
272 496 4
272 501 4
272 541 4
272 546 4
272 548 3
272 550 4
272 552 4
272 559 4
272 561 4
272 562 4
272 567 4
272 568 4
272 569 4
272 576 4
272 577 4
272 578 4
272 584 4
272 588 4
272 597 4
272 609 4
272 625 4
272 633 3
272 655 4
272 665 4
272 672 4
272 685 4
272 689 4
272 715 4
272 720 4
272 739 4
272 742 4
272 743 4
272 746 4
272 747 4
272 751 4
272 755 4
272 756 4
272 758 4
272 760 4
272 763 4
272 768 4
272 771 4
272 780 4
272 790 4
272 796 4
272 810 4
272 826 4
272 834 4
272 877 4
272 890 4
272 895 4
272 924 4
272 928 4
272 930 4
272 931 4
272 940 4
272 946 4
272 951 4
272 977 4
273 7 3
273 9 3
273 10 3
273 14 3
273 25 3
273 116 3
273 124 3
273 129 3
273 137 3
273 242 3
273 257 3
273 275 3
273 276 3
273 293 4
273 302 3
273 303 3
273 319 3
273 327 3
273 547 3
273 813 3
274 7 4
274 8 4
274 11 4
274 12 4
274 13 4
274 14 4
274 15 4
274 22 4
274 23 4
274 26 4
274 42 4
274 44 4
274 45 4
274 48 4
274 50 4
274 52 4
274 58 4
274 60 4
274 61 4
274 64 4
274 66 4
274 68 4
274 69 4
274 70 4
274 71 4
274 72 4
274 73 4
274 76 4
274 77 4
274 79 4
274 83 4
274 86 4
274 87 4
274 88 4
274 89 4
274 92 4
274 97 4
274 98 4
274 99 4
274 100 4
274 107 5
274 116 4
274 117 4
274 121 4
274 131 4
274 132 4
274 134 4
274 135 4
274 136 4
274 141 4
274 150 4
274 161 4
274 168 4
274 170 4
274 171 4
274 172 4
274 173 4
274 175 4
274 176 4
274 178 4
274 179 4
274 180 4
274 181 4
274 182 4
274 183 4
274 191 4
274 192 4
274 193 4
274 194 4
274 195 4
274 196 4
274 198 4
274 203 4
274 205 4
274 207 4
274 208 4
274 210 4
274 211 4
274 212 4
274 215 4
274 216 4
274 218 4
274 221 4
274 227 4
274 230 4
274 234 4
274 237 4
274 238 4
274 244 4
274 248 4
274 252 4
274 257 4
274 258 4
274 265 4
274 274 4
274 275 4
274 276 4
274 282 4
274 283 4
274 285 4
274 288 4
274 289 4
274 291 4
274 293 4
274 298 4
274 302 4
274 313 4
274 315 4
274 316 4
274 317 4
274 322 4
274 326 4
274 346 4
274 356 4
274 380 4
274 382 4
274 385 4
274 410 4
274 414 4
274 416 4
274 418 4
274 419 4
274 430 4
274 434 4
274 435 4
274 436 4
274 461 4
274 462 4
274 463 4
274 470 4
274 474 4
274 475 4
274 478 4
274 480 4
274 481 4
274 483 4
274 484 4
274 486 4
274 488 4
274 489 4
274 490 4
274 491 4
274 493 4
274 495 4
274 496 4
274 497 4
274 498 4
274 499 4
274 503 4
274 506 4
274 507 4
274 508 4
274 511 4
274 513 4
274 514 4
274 517 4
274 518 4
274 519 4
274 520 4
274 521 4
274 525 4
274 526 4
274 527 4
274 528 4
274 529 4
274 530 4
274 553 4
274 566 4
274 584 4
274 591 4
274 601 3
274 602 4
274 603 4
274 604 4
274 605 4
274 607 4
274 610 4
274 614 4
274 615 4
274 618 4
274 628 4
274 633 4
274 641 4
274 642 4
274 646 4
274 648 4
274 649 4
274 651 4
274 653 3
274 657 4
274 659 4
274 660 4
274 661 4
274 664 4
274 676 4
274 684 4
274 685 4
274 692 4
274 696 4
274 697 4
274 699 4
274 705 4
274 707 4
274 708 4
274 709 4
274 735 4
274 736 4
274 744 4
274 756 4
274 789 4
274 792 4
274 836 3
274 848 3
274 921 4
274 923 4
274 939 4
274 943 4
274 945 4
274 963 4
274 966 4
274 971 4
274 996 4
275 70 4
275 100 4
275 127 4
275 259 4
275 286 4
275 313 4
275 381 4
276 4 3
276 26 4
276 33 3
276 56 3
276 63 3
276 67 3
276 72 3
276 73 3
276 80 3
276 83 4
276 88 3
276 168 3
276 173 3
276 175 3
276 186 3
276 202 3
276 204 3
276 209 3
276 211 4
276 216 3
276 232 3
276 238 3
276 239 3
276 288 3
276 294 3
276 300 3
276 328 3
276 343 3
276 367 3
276 386 3
276 435 3
276 579 2
276 648 3
276 655 3
276 692 3
276 710 4
276 712 3
276 715 3
276 734 3
276 738 3
276 748 3
276 765 3
276 781 3
276 790 2
276 792 3
276 890 3
276 944 3
276 999 3
277 20 4
277 25 4
277 36 4
277 49 4
277 88 4
277 90 4
277 237 4
277 255 4
277 282 4
277 289 4
277 294 4
277 369 4
277 553 4
277 709 4
277 722 4
277 731 4
277 732 4
277 756 4
277 781 4
277 846 4
278 1 4
278 7 4
278 17 4
278 23 4
278 26 4
278 28 4
278 40 4
278 42 4
278 48 4
278 50 4
278 65 4
278 69 4
278 72 4
278 77 4
278 79 4
278 81 4
278 93 4
278 98 4
278 111 4
278 122 3
278 134 4
278 143 4
278 145 3
278 151 4
278 160 4
278 161 4
278 188 4
278 196 4
278 216 4
278 218 4
278 219 3
278 222 4
278 231 4
278 237 4
278 238 4
278 255 3
278 276 4
278 282 4
278 288 3
278 300 4
278 318 4
278 327 3
278 340 4
278 350 4
278 354 4
278 357 4
278 367 4
278 369 4
278 381 4
278 392 4
278 403 4
278 410 4
278 412 4
278 427 4
278 447 4
278 451 4
278 467 4
278 469 4
278 518 4
278 568 4
278 591 4
278 604 4
278 616 4
278 655 4
278 658 3
278 673 4
278 684 4
278 743 4
278 763 3
278 843 4
278 866 4
278 959 3
278 975 4
279 1 3
279 8 4
279 24 3
279 28 4
279 31 3
279 50 3
279 54 3
279 55 3
279 58 4
279 66 3
279 70 4
279 71 3
279 79 3
279 82 3
279 88 4
279 89 3
279 95 3
279 96 3
279 97 4
279 100 3
279 101 3
279 108 3
279 111 3
279 117 3
279 118 3
279 121 3
279 122 3
279 127 3
279 133 4
279 135 3
279 144 3
279 147 3
279 148 3
279 153 3
279 161 3
279 164 3
279 168 3
279 172 3
279 173 3
279 174 3
279 175 3
279 176 3
279 177 3
279 179 3
279 180 3
279 181 3
279 182 3
279 183 3
279 185 3
279 187 3
279 188 3
279 189 4
279 190 3
279 195 3
279 197 3
279 198 3
279 201 3
279 204 4
279 209 3
279 210 3
279 211 4
279 213 4
279 215 4
279 216 4
279 228 3
279 230 3
279 241 3
279 248 3
279 249 3
279 255 3
279 257 3
279 258 3
279 261 2
279 264 3
279 265 3
279 266 2
279 270 3
279 272 3
279 274 4
279 281 3
279 282 3
279 286 3
279 288 3
279 294 3
279 295 3
279 298 3
279 300 3
279 304 4
279 325 2
279 328 3
279 356 3
279 358 3
279 380 4
279 385 3
279 398 3
279 405 3
279 421 3
279 422 3
279 423 4
279 436 3
279 455 3
279 463 4
279 472 3
279 479 4
279 483 4
279 489 4
279 510 3
279 511 3
279 523 4
279 526 3
279 528 3
279 535 4
279 546 3
279 566 3
279 588 3
279 602 4
279 604 3
279 616 3
279 629 4
279 632 4
279 640 3
279 651 3
279 655 3
279 680 2
279 688 2
279 692 3
279 727 4
279 732 4
279 739 3
279 748 3
279 751 3
279 752 3
279 840 3
279 879 3
279 931 3
279 945 4
280 8 3
280 12 3
280 64 3
280 89 3
280 96 3
280 100 3
280 114 3
280 127 3
280 165 3
280 172 3
280 174 3
280 175 3
280 183 3
280 190 3
280 191 3
280 213 3
280 234 3
280 237 3
280 257 3
280 258 2
280 265 3
280 272 3
280 298 2
280 347 2
280 462 3
280 479 3
280 483 3
280 504 3
280 510 3
280 511 3
280 517 3
280 603 3
280 615 3
280 642 3
280 661 3
280 705 3
280 863 4
281 4 4
281 42 4
281 50 4
281 66 4
281 70 4
281 86 4
281 100 4
281 153 4
281 163 4
281 173 4
281 190 4
281 197 4
281 204 4
281 207 4
281 210 4
281 216 4
281 283 4
281 313 4
281 318 4
281 322 4
281 367 4
281 427 4
281 430 4
281 479 4
281 484 4
281 505 4
281 507 4
281 524 4
281 648 4
281 650 4
281 659 4
281 678 4
281 692 4
281 780 4
282 127 3
282 257 3
282 269 3
282 288 3
282 295 3
282 298 3
282 311 3
282 315 3
282 346 3
282 876 3
282 881 3
282 988 3
283 1 2
283 12 2
283 20 2
283 99 2
283 107 2
283 109 2
283 116 2
283 121 2
283 151 3
283 180 2
283 195 2
283 197 2
283 199 2
283 229 2
283 230 2
283 250 2
283 257 2
283 270 2
283 271 2
283 274 2
283 275 2
283 277 3
283 286 2
283 290 2
283 313 2
283 318 2
283 365 3
283 380 2
283 405 2
283 449 2
283 450 2
283 462 3
283 480 2
283 538 3
283 582 2
283 612 3
283 743 2
283 900 3
284 1 4
284 7 4
284 9 4
284 15 4
284 24 4
284 25 4
284 28 4
284 29 4
284 50 4
284 51 4
284 53 4
284 56 4
284 69 4
284 70 4
284 71 4
284 73 4
284 79 4
284 82 4
284 94 4
284 96 4
284 97 4
284 98 4
284 111 4
284 122 4
284 135 4
284 136 4
284 141 4
284 143 4
284 144 4
284 150 4
284 151 4
284 168 4
284 173 4
284 174 4
284 181 4
284 195 4
284 202 4
284 204 4
284 216 4
284 222 4
284 227 4
284 229 4
284 234 4
284 235 4
284 237 4
284 248 4
284 250 4
284 252 4
284 255 4
284 257 4
284 258 4
284 274 4
284 275 4
284 293 4
284 294 4
284 300 4
284 313 4
284 315 4
284 318 4
284 343 4
284 385 4
284 392 4
284 399 4
284 405 4
284 419 4
284 422 4
284 427 4
284 431 4
284 449 4
284 451 4
284 463 4
284 472 4
284 510 4
284 550 4
284 554 4
284 560 4
284 562 4
284 568 4
284 578 4
284 588 4
284 597 4
284 625 4
284 651 4
284 655 4
284 665 4
284 679 4
284 692 4
284 699 4
284 746 4
284 778 4
284 823 4
284 829 4
284 849 4
284 879 4
284 924 4
284 926 4
285 288 2
285 289 2
285 303 2
285 307 2
285 313 2
285 319 2
285 321 2
285 326 2
285 330 2
285 347 2
285 748 2
286 1 3
286 3 3
286 7 3
286 10 3
286 13 3
286 14 3
286 15 3
286 93 3
286 109 3
286 111 3
286 121 3
286 123 3
286 124 3
286 125 3
286 127 3
286 129 3
286 137 3
286 146 3
286 147 3
286 150 3
286 151 3
286 181 3
286 220 3
286 221 3
286 235 3
286 236 3
286 237 3
286 245 3
286 248 3
286 250 3
286 255 3
286 257 3
286 258 3
286 262 3
286 264 3
286 270 3
286 273 3
286 275 3
286 276 3
286 277 3
286 280 3
286 282 3
286 284 3
286 285 3
286 286 3
286 287 3
286 295 3
286 298 3
286 299 3
286 300 3
286 305 3
286 319 3
286 321 3
286 322 3
286 327 3
286 331 2
286 332 3
286 333 3
286 460 3
286 471 3
286 475 3
286 476 3
286 508 3
286 591 3
286 595 3
286 597 3
286 620 3
286 628 3
286 678 3
286 689 3
286 690 3
286 696 3
286 717 3
286 718 3
286 742 3
286 748 3
286 762 3
286 766 3
286 818 3
286 823 3
286 846 3
286 864 3
286 872 3
286 874 3
286 879 3
286 880 3
286 882 2
286 886 3
286 887 3
286 924 3
286 935 2
286 936 3
286 975 3
286 994 3
286 995 3
287 1 3
287 2 3
287 3 3
287 4 3
287 12 3
287 17 3
287 25 3
287 28 3
287 31 3
287 38 3
287 42 3
287 43 2
287 45 3
287 48 3
287 49 3
287 50 3
287 55 3
287 58 3
287 66 3
287 68 3
287 69 3
287 71 3
287 73 3
287 76 3
287 77 3
287 79 3
287 81 3
287 82 3
287 87 3
287 88 3
287 92 3
287 95 3
287 96 3
287 97 3
287 99 3
287 100 3
287 111 3
287 117 3
287 121 3
287 125 3
287 128 3
287 133 3
287 136 3
287 140 3
287 143 3
287 144 3
287 150 3
287 160 3
287 161 3
287 172 3
287 174 3
287 176 3
287 179 3
287 181 3
287 183 3
287 188 3
287 191 3
287 194 3
287 195 3
287 196 3
287 202 3
287 206 3
287 215 3
287 216 3
287 218 3
287 222 3
287 226 3
287 227 3
287 230 3
287 232 3
287 237 3
287 239 3
287 249 3
287 252 3
287 255 4
287 257 3
287 258 3
287 259 3
287 260 3
287 265 3
287 270 3
287 272 3
287 273 3
287 276 3
287 280 3
287 282 3
287 286 3
287 288 3
287 289 3
287 293 3
287 294 3
287 298 3
287 300 3
287 318 3
287 333 3
287 347 3
287 356 3
287 366 3
287 367 3
287 378 3
287 402 3
287 411 3
287 412 3
287 423 3
287 432 3
287 455 3
287 462 3
287 470 3
287 471 3
287 474 3
287 501 3
287 540 3
287 541 3
287 546 3
287 549 3
287 550 3
287 566 3
287 572 3
287 578 3
287 588 3
287 591 3
287 596 3
287 597 3
287 620 3
287 627 3
287 628 3
287 651 3
287 652 3
287 658 3
287 672 3
287 679 3
287 684 3
287 685 3
287 686 3
287 692 3
287 710 3
287 713 3
287 727 3
287 732 3
287 735 3
287 739 3
287 742 3
287 747 3
287 748 3
287 768 3
287 772 3
287 779 2
287 781 3
287 790 3
287 794 3
287 820 3
287 823 3
287 833 3
287 845 3
287 921 3
287 932 3
287 939 3
287 941 3
287 955 3
287 956 3
287 978 4
288 1 2
288 8 2
288 9 2
288 11 2
288 22 2
288 28 2
288 33 2
288 58 2
288 64 2
288 69 2
288 70 2
288 83 2
288 87 2
288 96 2
288 98 2
288 111 2
288 133 2
288 135 2
288 154 2
288 164 2
288 168 2
288 172 2
288 173 2
288 176 2
288 180 2
288 181 2
288 182 2
288 183 2
288 185 2
288 186 2
288 190 2
288 196 2
288 198 2
288 199 2
288 200 2
288 203 2
288 207 2
288 208 2
288 210 2
288 211 2
288 222 2
288 228 2
288 230 2
288 238 2
288 243 2
288 245 2
288 258 2
288 260 2
288 265 2
288 269 2
288 289 2
288 292 2
288 299 2
288 304 2
288 318 2
288 328 2
288 333 2
288 357 2
288 358 2
288 385 2
288 405 2
288 414 2
288 419 2
288 429 2
288 434 2
288 468 2
288 474 2
288 480 2
288 485 2
288 491 2
288 493 2
288 496 2
288 498 2
288 500 2
288 510 2
288 511 2
288 514 2
288 515 2
288 520 2
288 521 2
288 523 2
288 526 2
288 527 2
288 568 2
288 605 2
288 612 2
288 655 2
288 659 2
288 662 2
288 692 2
288 707 2
288 724 2
288 732 2
288 748 2
288 776 2
288 845 2
288 880 2
288 890 2
289 243 3
289 258 3
289 259 4
289 260 3
289 261 4
289 263 3
289 264 3
289 266 3
289 268 3
289 270 3
289 271 3
289 272 3
289 286 3
289 288 3
289 289 3
289 292 3
289 294 3
289 301 3
289 302 3
289 303 3
289 308 3
289 310 3
289 313 3
289 315 3
289 316 3
289 321 3
289 324 3
289 325 3
289 326 3
289 327 3
289 330 3
289 331 3
289 332 3
289 333 3
289 334 3
289 339 3
289 340 2
289 342 3
289 343 3
289 349 3
289 353 2
289 355 3
289 358 3
289 457 3
289 538 3
289 539 3
289 678 3
289 681 2
289 682 3
289 687 4
289 689 3
289 750 3
289 751 3
289 752 3
289 872 3
289 873 2
289 874 3
289 875 2
289 881 3
289 883 2
289 887 3
289 890 3
289 892 3
289 902 3
289 908 3
289 948 3
289 988 3
289 989 3
289 991 3
290 1 2
290 7 2
290 9 2
290 15 2
290 50 2
290 93 3
290 117 2
290 124 2
290 126 2
290 127 3
290 150 2
290 151 2
290 181 3
290 224 2
290 237 3
290 246 3
290 257 2
290 258 3
290 273 3
290 277 3
290 284 2
290 286 3
290 292 2
290 293 2
290 298 2
290 302 2
290 333 3
290 410 2
290 475 3
290 515 2
290 596 2
290 764 2
290 847 2
290 919 3
290 926 2
290 993 2
291 7 3
291 19 3
291 45 3
291 100 3
291 124 3
291 129 3
291 236 3
291 237 3
291 258 3
291 273 3
291 286 3
291 340 3
291 475 3
291 657 3
291 900 3
292 45 3
292 56 3
292 64 3
292 69 3
292 83 3
292 97 3
292 100 3
292 124 3
292 127 3
292 134 3
292 137 3
292 185 3
292 186 3
292 187 3
292 192 3
292 193 3
292 205 3
292 221 3
292 242 3
292 285 3
292 286 3
292 318 3
292 479 3
292 482 3
292 483 3
292 492 3
292 511 3
292 523 3
292 527 3
292 531 3
292 654 3
292 657 3
292 772 3
292 923 3
293 1 3
293 7 3
293 11 3
293 12 3
293 22 3
293 24 3
293 48 3
293 50 3
293 56 3
293 59 3
293 60 3
293 61 3
293 65 3
293 69 3
293 71 3
293 79 3
293 82 3
293 91 3
293 95 3
293 96 3
293 98 3
293 100 3
293 115 3
293 117 3
293 118 3
293 121 3
293 124 3
293 127 3
293 150 3
293 156 3
293 168 3
293 171 3
293 172 3
293 173 3
293 174 3
293 175 3
293 176 3
293 180 3
293 181 3
293 182 3
293 183 3
293 188 3
293 191 3
293 192 3
293 195 3
293 196 3
293 201 3
293 209 3
293 210 3
293 222 3
293 234 3
293 235 3
293 238 3
293 239 3
293 250 3
293 252 3
293 257 3
293 258 3
293 260 3
293 264 3
293 265 3
293 271 3
293 273 3
293 275 3
293 284 3
293 288 3
293 298 3
293 300 3
293 318 3
293 323 3
293 327 3
293 328 3
293 343 3
293 357 3
293 369 3
293 405 3
293 411 3
293 423 3
293 431 3
293 455 3
293 462 3
293 475 3
293 483 3
293 527 3
293 528 3
293 546 3
293 550 3
293 597 3
293 647 3
293 652 3
293 684 3
293 687 3
293 693 3
293 742 3
293 746 3
293 751 3
293 754 4
293 762 3
293 763 3
293 876 3
293 886 3
293 890 3
293 925 3
294 1 4
294 9 4
294 15 4
294 64 4
294 65 4
294 86 4
294 98 4
294 100 4
294 126 4
294 174 4
294 183 4
294 191 4
294 194 4
294 222 4
294 237 4
294 286 4
294 289 4
294 294 4
294 322 4
294 357 4
294 479 4
294 507 4
294 528 4
294 748 4
294 924 4
295 2 3
295 4 3
295 11 3
295 29 3
295 44 3
295 50 3
295 53 3
295 54 3
295 56 3
295 62 3
295 64 3
295 68 3
295 69 3
295 71 3
295 79 3
295 84 3
295 86 3
295 88 3
295 89 3
295 90 3
295 91 3
295 94 3
295 95 3
295 98 3
295 101 3
295 109 3
295 120 3
295 127 3
295 132 3
295 133 3
295 139 3
295 140 3
295 144 3
295 145 3
295 147 4
295 153 3
295 155 3
295 157 3
295 158 3
295 161 3
295 162 3
295 163 3
295 167 3
295 168 3
295 172 3
295 173 3
295 174 3
295 176 3
295 179 3
295 181 3
295 184 3
295 186 3
295 188 3
295 191 3
295 195 3
295 200 3
295 201 3
295 202 3
295 214 3
295 216 3
295 217 3
295 219 3
295 222 4
295 226 3
295 227 3
295 228 3
295 229 3
295 230 3
295 231 3
295 232 3
295 234 3
295 235 4
295 265 3
295 282 3
295 288 4
295 357 3
295 379 3
295 380 3
295 385 3
295 386 3
295 389 3
295 391 3
295 392 3
295 395 3
295 402 3
295 403 3
295 404 3
295 413 3
295 416 3
295 417 3
295 421 3
295 423 3
295 431 3
295 433 3
295 435 3
295 444 4
295 447 3
295 449 3
295 452 3
295 465 3
295 470 3
295 472 4
295 478 3
295 479 3
295 496 3
295 501 3
295 504 3
295 505 3
295 507 3
295 523 3
295 550 4
295 559 3
295 566 3
295 575 3
295 581 3
295 616 3
295 622 3
295 629 3
295 642 3
295 650 3
295 658 3
295 660 3
295 665 3
295 671 4
295 674 3
295 679 3
295 684 3
295 705 3
295 732 3
295 742 4
295 768 3
295 770 4
295 790 3
295 796 3
295 797 3
295 831 3
295 843 4
295 924 3
295 944 3
296 7 4
296 10 4
296 17 4
296 33 4
296 38 4
296 39 4
296 42 4
296 50 4
296 53 4
296 56 4
296 64 4
296 77 4
296 87 4
296 96 4
296 97 4
296 98 4
296 99 4
296 109 4
296 132 4
296 133 4
296 135 4
296 136 4
296 141 4
296 142 4
296 143 4
296 147 4
296 150 4
296 154 4
296 156 4
296 158 4
296 164 4
296 172 4
296 173 4
296 181 4
296 183 4
296 186 4
296 204 4
296 222 4
296 227 4
296 228 4
296 229 4
296 246 4
296 268 4
296 288 4
296 318 4
296 356 4
296 378 4
296 380 4
296 393 4
296 417 4
296 418 4
296 420 4
296 421 4
296 433 4
296 469 4
296 480 4
296 484 4
296 485 4
296 509 4
296 526 4
296 528 4
296 532 4
296 554 4
296 561 4
296 607 4
296 625 4
296 633 4
296 727 4
296 743 4
296 746 4
296 774 4
296 825 4
296 921 4
297 1 3
297 2 3
297 3 3
297 11 3
297 12 3
297 13 3
297 19 3
297 24 3
297 25 3
297 28 3
297 31 3
297 38 3
297 39 3
297 54 3
297 56 3
297 66 3
297 67 3
297 70 3
297 71 3
297 72 3
297 77 3
297 79 3
297 80 3
297 87 3
297 89 3
297 94 3
297 95 3
297 96 3
297 97 3
297 98 3
297 99 3
297 100 3
297 101 3
297 105 3
297 108 3
297 109 3
297 114 3
297 118 3
297 122 3
297 127 3
297 139 3
297 145 3
297 152 3
297 153 3
297 155 3
297 161 3
297 163 3
297 164 3
297 167 2
297 168 3
297 173 3
297 174 3
297 175 3
297 181 3
297 183 3
297 185 3
297 186 3
297 187 3
297 188 3
297 189 3
297 194 3
297 195 3
297 197 3
297 202 3
297 204 3
297 208 3
297 217 3
297 222 3
297 225 3
297 227 3
297 228 3
297 229 3
297 230 3
297 233 3
297 234 3
297 240 3
297 242 3
297 248 3
297 250 3
297 252 3
297 257 3
297 258 3
297 260 3
297 268 3
297 273 3
297 274 3
297 288 3
297 291 3
297 325 3
297 358 3
297 363 3
297 364 2
297 373 3
297 381 3
297 382 3
297 384 3
297 385 3
297 386 3
297 393 3
297 395 3
297 399 3
297 403 3
297 405 3
297 407 3
297 408 3
297 412 3
297 418 3
297 423 3
297 431 3
297 432 3
297 451 3
297 452 3
297 455 3
297 465 3
297 472 3
297 475 3
297 501 3
297 508 3
297 510 3
297 526 3
297 540 3
297 545 3
297 549 3
297 550 3
297 552 2
297 559 3
297 562 3
297 566 3
297 568 3
297 570 3
297 575 3
297 577 3
297 578 3
297 588 3
297 590 3
297 597 3
297 603 3
297 625 3
297 627 3
297 645 3
297 651 3
297 652 3
297 655 3
297 657 3
297 679 3
297 692 3
297 716 3
297 721 3
297 722 3
297 724 3
297 731 3
297 741 3
297 748 3
297 758 2
297 765 3
297 771 2
297 780 2
297 781 3
297 783 2
297 790 3
297 792 3
297 797 3
297 802 2
297 808 3
297 809 3
297 810 3
297 840 2
297 849 3
297 864 3
297 940 3
297 943 3
297 1000 4
298 10 3
298 11 3
298 12 3
298 23 3
298 32 3
298 50 3
298 53 3
298 54 3
298 56 3
298 59 3
298 61 3
298 79 3
298 83 3
298 89 3
298 98 3
298 121 3
298 124 3
298 127 3
298 136 3
298 137 3
298 144 3
298 150 3
298 151 3
298 156 3
298 160 3
298 164 3
298 168 3
298 171 3
298 172 3
298 175 3
298 176 3
298 182 3
298 183 3
298 186 3
298 187 3
298 191 3
298 192 3
298 197 3
298 202 3
298 203 3
298 204 3
298 210 3
298 218 3
298 222 3
298 228 3
298 229 3
298 258 3
298 262 3
298 271 2
298 275 3
298 288 3
298 293 3
298 302 3
298 340 3
298 381 3
298 425 3
298 435 3
298 443 3
298 447 3
298 448 3
298 449 2
298 464 3
298 474 3
298 475 3
298 483 3
298 484 3
298 486 3
298 489 3
298 512 3
298 515 3
298 522 3
298 525 3
298 548 3
298 554 2
298 558 3
298 594 3
298 607 3
298 628 3
298 631 3
298 649 3
298 652 3
298 656 3
298 664 3
298 675 3
298 693 3
298 754 3
298 772 2
298 806 2
298 887 3
298 919 3
298 922 4
298 933 3
298 985 4
299 7 3
299 8 3
299 11 3
299 12 3
299 50 3
299 69 3
299 87 3
299 97 3
299 117 3
299 132 3
299 153 3
299 157 3
299 176 3
299 177 3
299 181 3
299 182 3
299 183 3
299 191 3
299 193 3
299 194 3
299 198 3
299 202 3
299 207 3
299 210 3
299 213 3
299 215 3
299 238 3
299 251 4
299 271 3
299 272 3
299 275 3
299 295 4
299 300 3
299 301 3
299 312 4
299 313 3
299 318 3
299 326 4
299 357 3
299 414 3
299 425 3
299 427 3
299 463 3
299 474 3
299 482 4
299 483 3
299 484 3
299 486 3
299 497 3
299 511 3
299 514 3
299 516 3
299 520 3
299 521 3
299 530 3
299 539 4
299 605 3
299 651 3
299 657 3
299 661 3
299 663 3
299 690 3
299 692 3
299 742 3
299 750 4
299 879 4
299 886 4
299 887 4
299 902 4
300 1 3
300 3 3
300 8 3
300 9 3
300 15 3
300 25 3
300 28 3
300 30 4
300 39 3
300 42 3
300 43 3
300 44 3
300 45 4
300 50 3
300 56 3
300 58 3
300 59 4
300 61 4
300 62 3
300 69 3
300 70 3
300 72 3
300 77 3
300 83 4
300 88 3
300 89 3
300 94 3
300 97 3
300 98 3
300 100 3
300 116 3
300 118 3
300 120 3
300 125 3
300 129 3
300 133 4
300 135 4
300 143 3
300 147 3
300 159 3
300 164 3
300 172 3
300 175 4
300 179 4
300 181 3
300 196 3
300 204 3
300 208 3
300 210 3
300 211 4
300 216 3
300 217 3
300 223 3
300 234 3
300 235 3
300 238 3
300 244 3
300 245 3
300 246 3
300 250 3
300 252 3
300 255 3
300 257 3
300 268 3
300 274 3
300 275 3
300 276 3
300 281 3
300 282 3
300 283 4
300 284 3
300 285 3
300 287 3
300 294 3
300 298 3
300 300 3
300 301 3
300 304 3
300 316 3
300 319 3
300 325 3
300 381 3
300 386 3
300 387 4
300 393 3
300 396 3
300 405 3
300 407 3
300 412 3
300 421 3
300 448 3
300 464 4
300 469 3
300 471 3
300 472 3
300 475 3
300 476 3
300 479 4
300 498 4
300 509 4
300 514 4
300 517 4
300 522 4
300 529 4
300 531 3
300 535 3
300 553 3
300 559 3
300 568 3
300 569 3
300 584 4
300 611 4
300 619 3
300 639 4
300 640 4
300 660 4
300 662 3
300 665 3
300 699 4
300 709 4
300 714 4
300 721 3
300 729 4
300 735 4
300 739 3
300 742 3
300 762 3
300 768 3
300 775 3
300 780 3
300 781 3
300 815 3
300 821 3
300 827 3
300 836 3
300 845 3
300 930 3
300 964 3
300 971 4
300 988 3
300 996 4
